1, 	2.245312, 	23.859999
2, 	2.139689, 	49.570000
3, 	1.873553, 	73.099998
4, 	1.269530, 	76.080002
5, 	0.772011, 	83.189995
6, 	0.569776, 	86.320000
7, 	0.472331, 	87.839996
8, 	0.416986, 	88.589996
9, 	0.380768, 	89.470001
10, 	0.354996, 	89.699997
11, 	0.333356, 	90.610001
12, 	0.314337, 	90.949997
13, 	0.299719, 	91.290001
14, 	0.288048, 	91.720001
15, 	0.276627, 	92.139999
16, 	0.265788, 	92.449997
17, 	0.257962, 	92.570000
18, 	0.249512, 	92.750000
19, 	0.239621, 	93.029999
20, 	0.231957, 	93.229996
21, 	0.223306, 	93.589996
22, 	0.216572, 	93.860001
23, 	0.212302, 	93.889999
24, 	0.205251, 	94.199997
25, 	0.199754, 	94.279999
26, 	0.192449, 	94.519997
27, 	0.189467, 	94.570000
28, 	0.183960, 	94.709999
29, 	3.877090, 	31.150000
30, 	0.702760, 	81.400002
31, 	0.518079, 	85.739998
32, 	0.443205, 	87.419998
33, 	0.391977, 	88.629997
34, 	0.357196, 	89.570000
35, 	0.337301, 	90.089996
36, 	9.417100, 	3.890000
37, 	23.300210, 	3.600000
38, 	1.099496, 	73.290001
39, 	0.647728, 	83.070000
40, 	0.496648, 	86.000000
41, 	0.424730, 	87.970001
42, 	14.409812, 	9.059999
43, 	0.664818, 	81.269997
44, 	0.491640, 	85.839996
45, 	0.419553, 	87.619995
46, 	0.384832, 	88.379997
47, 	0.347487, 	89.579994
48, 	0.322601, 	90.360001
49, 	0.306129, 	91.000000
50, 	0.285526, 	91.559998
