1, 	2.246415, 	23.879999
2, 	2.144695, 	53.709999
3, 	1.888171, 	68.589996
4, 	1.299178, 	77.229996
5, 	0.787384, 	83.029999
6, 	0.576770, 	86.070000
7, 	0.474383, 	87.900002
8, 	0.416904, 	88.939995
9, 	0.385227, 	89.150002
10, 	0.358188, 	89.559998
11, 	0.334323, 	90.229996
12, 	0.316891, 	90.979996
13, 	0.306998, 	91.070000
14, 	0.289669, 	91.739998
15, 	0.282389, 	91.939995
16, 	0.271627, 	92.089996
17, 	0.261671, 	92.459999
18, 	0.255968, 	92.669998
19, 	0.248965, 	92.879997
20, 	0.236881, 	93.180000
21, 	0.227921, 	93.320000
22, 	0.222854, 	93.619995
23, 	0.217150, 	93.540001
24, 	0.213196, 	93.889999
25, 	0.210877, 	94.029999
26, 	0.198610, 	94.180000
27, 	0.193481, 	94.320000
28, 	0.189014, 	94.500000
29, 	0.185583, 	94.599998
30, 	0.182846, 	94.629997
31, 	0.176539, 	94.769997
32, 	0.171328, 	94.970001
33, 	0.166951, 	94.919998
34, 	0.163281, 	95.220001
35, 	0.161058, 	95.259995
36, 	0.156965, 	95.320000
37, 	0.151756, 	95.629997
38, 	0.149598, 	95.519997
39, 	0.146767, 	95.540001
40, 	0.146076, 	95.559998
41, 	0.142547, 	95.799995
42, 	0.140416, 	95.809998
43, 	0.137760, 	95.939995
44, 	0.134063, 	95.919998
45, 	0.132987, 	96.000000
46, 	0.132393, 	96.129997
47, 	0.128858, 	96.110001
48, 	0.125363, 	96.239998
49, 	0.123888, 	96.250000
50, 	0.121961, 	96.269997
