1, 	2.304940, 	10.000000
1, 	2.296621, 	10.000000
2, 	2.286387, 	10.000000
3, 	2.269722, 	12.559999
4, 	2.239880, 	26.090000
5, 	2.176088, 	30.269999
6, 	2.018545, 	39.049999
7, 	1.678333, 	54.939999
8, 	1.295117, 	59.090000
9, 	1.083047, 	63.209999
10, 	0.977523, 	63.180000
11, 	0.920455, 	65.729996
12, 	0.905298, 	64.599998
13, 	0.855258, 	68.290001
14, 	0.847740, 	68.330002
15, 	0.839345, 	68.159996
16, 	0.814996, 	69.689995
17, 	0.798041, 	69.040001
18, 	0.785853, 	70.790001
19, 	0.814948, 	67.389999
20, 	0.771510, 	70.949997
21, 	0.743181, 	72.209999
22, 	0.775587, 	72.699997
23, 	0.738485, 	73.559998
24, 	0.750478, 	72.869995
25, 	0.714463, 	73.989998
26, 	0.729393, 	73.580002
27, 	0.711471, 	73.589996
28, 	0.739635, 	73.059998
29, 	0.691423, 	75.000000
30, 	0.698979, 	74.659996
31, 	0.696328, 	73.919998
32, 	0.681975, 	74.479996
33, 	0.685037, 	75.150002
34, 	0.728041, 	70.629997
35, 	0.675464, 	75.459999
36, 	0.684179, 	75.049995
37, 	0.691128, 	74.500000
38, 	0.685501, 	75.360001
39, 	0.677617, 	75.599998
40, 	0.670994, 	74.080002
41, 	0.662402, 	76.150002
42, 	0.678958, 	74.889999
43, 	0.674739, 	75.209999
44, 	0.675638, 	73.180000
45, 	0.661168, 	75.889999
46, 	0.656515, 	74.820000
47, 	0.664876, 	75.970001
48, 	0.654783, 	75.290001
49, 	0.639724, 	76.339996
50, 	0.646378, 	76.070000
1, 	2.296381, 	10.000000
2, 	2.285690, 	10.000000
3, 	2.269558, 	15.589999
4, 	2.240261, 	29.920000
5, 	2.177344, 	31.379999
6, 	2.024316, 	39.389999
7, 	1.673424, 	55.899998
8, 	1.299723, 	58.449997
9, 	1.081077, 	60.719997
10, 	0.985019, 	63.019997
11, 	0.918630, 	65.439995
12, 	0.879172, 	67.129997
13, 	0.850236, 	68.019997
14, 	0.842659, 	68.209999
15, 	0.857615, 	67.750000
16, 	0.830310, 	67.869995
17, 	0.804896, 	69.689995
18, 	0.832299, 	67.449997
19, 	0.775027, 	71.339996
20, 	0.763963, 	72.089996
21, 	0.765943, 	72.029999
22, 	0.764743, 	70.599998
23, 	0.788669, 	69.909996
24, 	0.749440, 	72.599998
25, 	0.718182, 	73.349998
26, 	0.744608, 	71.699997
27, 	0.700783, 	74.580002
28, 	0.697325, 	74.599998
29, 	0.699134, 	74.519997
30, 	0.696228, 	74.849998
31, 	0.695882, 	74.979996
32, 	0.690149, 	74.509995
33, 	0.678527, 	75.479996
34, 	0.677608, 	75.559998
35, 	0.720385, 	72.449997
36, 	0.671212, 	75.379997
37, 	0.688069, 	74.669998
38, 	0.695617, 	73.580002
39, 	0.695967, 	72.669998
40, 	0.670845, 	75.070000
41, 	0.660421, 	75.339996
42, 	0.654306, 	75.650002
43, 	0.657735, 	75.489998
44, 	0.648209, 	76.309998
45, 	0.661098, 	76.040001
46, 	0.648205, 	76.169998
47, 	0.659238, 	76.400002
48, 	0.645703, 	76.279999
49, 	0.635203, 	76.809998
50, 	0.647781, 	76.519997
