1, 	3.745444, 	2.010000
2, 	2.301497, 	10.000000
3, 	10.348016, 	9.940000
4, 	2.283320, 	10.000000
5, 	4.746152, 	19.680000
6, 	2.240134, 	10.190000
7, 	1.916691, 	27.869999
8, 	2.155311, 	41.840000
9, 	2.651602, 	27.900000
10, 	2.243436, 	26.730000
11, 	4.652775, 	10.000000
12, 	3.397748, 	10.000000
13, 	6.924034, 	10.000000
14, 	4.372593, 	2.670000
15, 	6.291877, 	1.020000
16, 	9.882547, 	1.600000
17, 	3.278357, 	9.490000
18, 	12.304725, 	9.300000
19, 	5.972183, 	9.860000
20, 	2.294362, 	10.000000
21, 	5.343896, 	10.000000
22, 	16.314638, 	10.000000
23, 	24.072878, 	10.000000
24, 	15.816197, 	7.300000
25, 	10.972806, 	9.800000
26, 	17.134210, 	10.000000
27, 	21.375211, 	9.950000
28, 	24.359586, 	9.940000
29, 	87.583353, 	10.000000
30, 	35.919836, 	10.000000
