1, 	2.248406, 	23.059999
2, 	2.150436, 	49.579998
3, 	1.912748, 	71.580002
4, 	1.345939, 	76.919998
5, 	0.824344, 	82.029999
6, 	0.598580, 	85.860001
7, 	0.492635, 	87.589996
8, 	0.433830, 	88.619995
9, 	0.393634, 	89.360001
10, 	0.362270, 	90.009995
11, 	0.339819, 	90.430000
12, 	0.327859, 	90.589996
13, 	0.311138, 	91.259995
14, 	0.296556, 	91.629997
15, 	0.285971, 	91.759995
16, 	0.272274, 	92.309998
17, 	0.264033, 	92.589996
18, 	0.254308, 	92.799995
19, 	0.247243, 	92.889999
20, 	0.240996, 	93.019997
21, 	0.232346, 	93.199997
22, 	0.227478, 	93.509995
23, 	0.220865, 	93.659996
24, 	0.215563, 	93.849998
25, 	0.211487, 	93.919998
26, 	0.204627, 	94.159996
27, 	0.200112, 	94.199997
28, 	0.195298, 	94.430000
29, 	0.192016, 	94.399994
30, 	0.185725, 	94.649994
31, 	0.183181, 	94.759995
32, 	0.180047, 	94.809998
33, 	0.175365, 	94.889999
34, 	0.173328, 	95.059998
35, 	0.168218, 	95.129997
36, 	0.165220, 	95.209999
37, 	0.161089, 	95.470001
38, 	0.158421, 	95.559998
39, 	0.157792, 	95.509995
40, 	0.152073, 	95.639999
41, 	0.151867, 	95.649994
42, 	0.148310, 	95.809998
43, 	0.144698, 	95.779999
44, 	0.145636, 	95.899994
45, 	0.138917, 	96.029999
46, 	0.139069, 	96.019997
47, 	0.136180, 	95.930000
48, 	0.137104, 	96.139999
49, 	0.133391, 	96.129997
50, 	0.131899, 	96.139999
