1, 	2.297467, 	10.000000
2, 	2.286108, 	10.000000
3, 	2.270615, 	13.059999
4, 	2.240286, 	26.740000
5, 	2.172507, 	28.759998
6, 	2.020492, 	42.039997
7, 	1.673611, 	58.079998
8, 	1.302722, 	62.019997
9, 	1.079300, 	62.119999
10, 	0.966813, 	64.930000
11, 	0.910956, 	66.599998
12, 	0.871509, 	67.459999
13, 	0.848254, 	68.070000
14, 	0.828919, 	68.489998
15, 	0.809040, 	70.400002
16, 	0.792462, 	70.959999
17, 	0.781004, 	71.220001
18, 	0.770054, 	72.159996
19, 	0.755939, 	72.799995
20, 	0.741019, 	72.739998
21, 	0.731803, 	72.809998
22, 	0.726414, 	73.330002
23, 	0.727017, 	73.779999
24, 	0.712528, 	74.720001
25, 	0.703099, 	73.849998
26, 	0.696344, 	74.119995
27, 	0.689916, 	74.860001
28, 	0.683969, 	75.159996
29, 	0.679225, 	75.279999
30, 	0.674530, 	75.259995
31, 	0.673840, 	74.979996
32, 	0.668774, 	75.509995
33, 	0.670258, 	75.849998
34, 	0.661106, 	76.059998
35, 	0.662551, 	75.909996
36, 	0.668017, 	74.279999
37, 	0.657752, 	75.470001
38, 	0.650213, 	76.059998
39, 	0.648552, 	76.479996
40, 	0.643812, 	76.580002
41, 	0.636825, 	76.479996
42, 	0.635817, 	77.080002
43, 	0.637606, 	76.720001
44, 	0.637326, 	76.709999
45, 	0.631044, 	76.809998
46, 	0.630360, 	77.159996
47, 	0.625946, 	77.189995
48, 	0.625762, 	77.089996
49, 	0.623784, 	76.909996
50, 	0.613533, 	77.570000
