1, 	6.360728, 	10.090000
2, 	2.300516, 	9.580000
3, 	13.319583, 	10.090000
4, 	2.237906, 	19.199999
5, 	33.374000, 	9.800000
6, 	2.192828, 	47.689999
7, 	8.370436, 	20.820000
8, 	1.963421, 	73.040001
9, 	20.243131, 	9.800000
10, 	2.230312, 	29.299999
11, 	26.489142, 	10.099999
12, 	3.449665, 	9.580000
13, 	17.887337, 	10.099999
14, 	29.720664, 	4.340000
15, 	7.013460, 	10.090000
16, 	22.251939, 	10.090000
17, 	3.218808, 	10.090000
18, 	26.674462, 	10.090000
19, 	6.144358, 	10.090000
20, 	2.347034, 	7.920000
21, 	13.683915, 	10.090000
22, 	32.674221, 	10.090000
23, 	45.394393, 	10.090000
24, 	27.964441, 	1.400000
25, 	16.488242, 	10.090000
26, 	18.509372, 	10.090000
27, 	34.653229, 	10.090000
28, 	54.780330, 	10.090000
29, 	116.562642, 	10.040000
30, 	43.053448, 	7.910000
31, 	11.523327, 	9.410000
32, 	24.948958, 	10.090000
33, 	5.041599, 	18.869999
34, 	8.043021, 	12.610000
35, 	32.502376, 	10.130000
36, 	14.178152, 	23.689999
37, 	91.216832, 	10.090000
38, 	45.266467, 	10.090000
39, 	72.758759, 	10.090000
40, 	78.050751, 	10.090000
41, 	26.869785, 	10.090000
42, 	8.981964, 	31.009998
43, 	8.221441, 	38.299999
44, 	11.705778, 	30.650000
45, 	34.057065, 	10.219999
46, 	51.688442, 	10.110000
47, 	55.052105, 	10.090000
48, 	12.661600, 	12.870000
49, 	14.958923, 	29.070000
50, 	39.845484, 	24.820000
