1, 	2.753650, 	3.960000
2, 	2.299870, 	10.000000
3, 	4.697421, 	9.980000
4, 	2.290911, 	10.000000
5, 	2.230540, 	24.609999
6, 	2.252482, 	28.740000
7, 	1.591280, 	37.869999
8, 	2.099883, 	36.879997
9, 	1.653158, 	35.430000
10, 	2.102951, 	28.359999
11, 	2.823998, 	9.980000
12, 	2.313423, 	10.000000
13, 	2.974239, 	10.000000
14, 	2.748128, 	10.000000
15, 	2.486129, 	9.990000
16, 	3.095692, 	0.500000
17, 	2.245253, 	24.369999
18, 	2.456507, 	0.520000
19, 	2.382834, 	1.980000
20, 	2.315389, 	10.000000
21, 	2.280412, 	4.010000
22, 	2.351322, 	14.589999
23, 	3.329254, 	0.480000
24, 	3.351603, 	4.970000
25, 	1.785030, 	32.410000
26, 	2.290149, 	12.530000
27, 	2.180944, 	14.250000
28, 	1.846993, 	28.590000
29, 	4.687359, 	7.720000
30, 	2.420956, 	18.240000
31, 	2.121425, 	24.490000
32, 	2.034733, 	29.490000
33, 	1.629577, 	27.639999
34, 	2.387302, 	12.590000
35, 	2.206659, 	16.900000
36, 	2.122435, 	22.289999
37, 	1.948644, 	26.609999
38, 	1.936052, 	16.059999
39, 	2.042577, 	22.809999
40, 	2.471446, 	9.500000
