1, 	2.818838, 	10.090000
2, 	13.996653, 	9.790000
3, 	20.688144, 	2.660000
4, 	26.839024, 	6.640000
5, 	27.767409, 	4.010000
6, 	22.138443, 	8.550000
7, 	18.827247, 	8.540000
8, 	16.772772, 	6.550000
9, 	11.361918, 	4.400000
10, 	9.040991, 	2.650000
11, 	8.967834, 	2.700000
12, 	13.661836, 	2.990000
13, 	859.992254, 	10.090000
14, 	164.038919, 	10.099999
15, 	3.651523, 	9.130000
16, 	15.665406, 	8.980000
17, 	3.672049, 	10.099999
18, 	2.677955, 	10.099999
19, 	2.729481, 	10.099999
20, 	2.686813, 	10.099999
21, 	2.819441, 	10.099999
22, 	3.183127, 	10.099999
23, 	2.795821, 	10.099999
24, 	4.545915, 	10.099999
25, 	4.270804, 	10.099999
26, 	2.652661, 	10.099999
27, 	7.028043, 	10.099999
28, 	2.891853, 	10.099999
29, 	18.033381, 	10.099999
30, 	6.590461, 	10.099999
31, 	3.069918, 	10.099999
32, 	13.527003, 	10.099999
33, 	3.914918, 	10.099999
34, 	4.138936, 	10.099999
35, 	3.993675, 	10.099999
36, 	16.452179, 	10.099999
37, 	5.653372, 	10.099999
38, 	3.203663, 	10.099999
39, 	8.700246, 	10.099999
40, 	15.874035, 	10.099999
41, 	5.295441, 	10.099999
42, 	14.436479, 	10.099999
43, 	6.046695, 	10.099999
44, 	4.057461, 	10.099999
45, 	15.071297, 	10.099999
46, 	12.325731, 	10.099999
47, 	6.219403, 	10.099999
48, 	4.747050, 	10.099999
49, 	4.960260, 	10.099999
50, 	4.885025, 	10.099999
