1, 	106.151490, 	10.090000
2, 	3.347017, 	9.740000
3, 	3937.324807, 	10.090000
4, 	519.949856, 	8.210000
5, 	4038.723235, 	15.219999
6, 	130125.549270, 	9.800000
7, 	8441.338502, 	9.740000
8, 	39665.681281, 	9.740000
9, 	23.000373, 	11.349999
10, 	4441.072604, 	11.349999
11, 	31042.488711, 	11.349999
12, 	79205.500056, 	11.349999
13, 	6956.882754, 	17.969999
14, 	101940.703450, 	8.910000
15, 	2862.515879, 	10.099999
16, 	2500.643639, 	10.099999
17, 	2583.807133, 	10.099999
18, 	2472.114728, 	10.099999
19, 	2469.940067, 	10.099999
20, 	2534.048983, 	10.099999
21, 	2388.039682, 	10.099999
22, 	2396.285691, 	10.099999
23, 	19839.074907, 	10.099999
24, 	2080.772304, 	10.099999
25, 	1987691.430383, 	10.099999
26, 	2482.255563, 	10.099999
27, 	2455.703058, 	10.099999
28, 	2455.881539, 	10.099999
29, 	8544204.529280, 	10.099999
