1, 	6.740243, 	10.090000
2, 	19.415254, 	9.809999
3, 	113.216451, 	10.090000
4, 	37.971764, 	10.110000
5, 	29.148740, 	10.599999
6, 	25.002804, 	14.570000
7, 	22.287053, 	16.309999
8, 	21.146270, 	16.799999
9, 	15.573147, 	10.620000
10, 	12.940927, 	2.800000
11, 	11.875239, 	1.160000
12, 	11.505907, 	0.920000
13, 	322.924543, 	0.580000
14, 	21.659839, 	10.099999
15, 	2.778904, 	10.099999
16, 	2.780676, 	10.099999
17, 	2.793874, 	10.099999
18, 	2.940274, 	10.099999
19, 	9.069402, 	10.099999
20, 	6.550128, 	10.099999
21, 	3.165557, 	10.099999
22, 	3.171426, 	10.099999
23, 	4.945624, 	10.099999
24, 	6.926825, 	10.099999
25, 	6.770013, 	10.099999
26, 	4.519163, 	10.099999
27, 	10.277936, 	10.099999
28, 	12.481569, 	10.099999
29, 	6.238510, 	10.099999
30, 	7.739293, 	10.099999
31, 	7.940660, 	10.099999
32, 	6.848315, 	10.099999
33, 	5.823602, 	10.099999
34, 	8.210829, 	10.099999
35, 	5.437457, 	10.099999
36, 	7.910507, 	10.099999
37, 	21.479939, 	10.099999
38, 	4.295653, 	10.099999
39, 	15.555314, 	10.099999
40, 	4.561030, 	10.099999
41, 	6.057623, 	10.099999
42, 	43.418668, 	10.099999
43, 	2.719580, 	10.099999
44, 	3.468477, 	10.099999
45, 	4.067091, 	10.099999
46, 	9.574469, 	10.099999
47, 	3.608759, 	10.099999
48, 	109.116149, 	10.099999
49, 	2.741160, 	10.099999
50, 	2.994693, 	10.099999
