1, 	2.297413, 	10.000000
2, 	2.286247, 	10.000000
3, 	2.270711, 	12.009999
4, 	2.240007, 	23.820000
5, 	2.179107, 	28.639999
6, 	2.036220, 	31.259998
7, 	1.709924, 	58.000000
8, 	1.333495, 	61.349998
9, 	1.093313, 	62.329998
10, 	0.971050, 	63.289997
11, 	0.914149, 	65.779999
12, 	0.881301, 	67.689995
13, 	0.850688, 	68.430000
14, 	0.827424, 	69.689995
15, 	0.811232, 	70.139999
16, 	0.796986, 	70.519997
17, 	0.782659, 	71.389999
18, 	0.770780, 	72.049995
19, 	0.755636, 	71.869995
20, 	0.746404, 	72.889999
21, 	0.746876, 	72.529999
22, 	0.723206, 	74.040001
23, 	0.724271, 	73.779999
24, 	0.709973, 	74.809998
25, 	0.705115, 	74.529999
26, 	0.698847, 	74.129997
27, 	0.693247, 	74.379997
28, 	0.685692, 	74.860001
29, 	0.685568, 	74.409996
30, 	0.678659, 	74.900002
31, 	0.675949, 	75.479996
32, 	0.668669, 	75.419998
33, 	0.665911, 	75.599998
34, 	0.665121, 	75.589996
35, 	0.663636, 	75.309998
36, 	0.656263, 	75.629997
37, 	0.652430, 	75.889999
38, 	0.649923, 	75.939995
39, 	0.650411, 	75.750000
40, 	0.643898, 	76.519997
41, 	0.640135, 	76.709999
42, 	0.640084, 	76.809998
43, 	0.636801, 	76.879997
44, 	0.634468, 	77.369995
45, 	0.630925, 	77.129997
46, 	0.630234, 	76.839996
47, 	0.626630, 	77.059998
48, 	0.622590, 	77.269997
49, 	0.623904, 	76.330002
50, 	0.620848, 	77.239998
