1, 	2.296566, 	10.000000
2, 	2.285595, 	10.000000
3, 	2.268683, 	12.570000
4, 	2.236620, 	25.490000
5, 	2.166343, 	32.480000
6, 	1.999250, 	31.090000
7, 	1.642226, 	58.570000
8, 	1.276275, 	60.769997
9, 	1.066287, 	63.180000
10, 	0.965614, 	63.469997
11, 	0.904999, 	65.989998
12, 	0.873006, 	66.779999
13, 	0.849492, 	68.709999
14, 	0.825175, 	69.099998
15, 	0.809917, 	69.759995
16, 	0.791004, 	70.869995
17, 	0.778549, 	71.080002
18, 	0.764988, 	72.269997
19, 	0.754851, 	71.930000
20, 	0.740908, 	73.419998
21, 	0.733731, 	73.229996
22, 	0.723352, 	73.409996
23, 	0.713062, 	74.070000
24, 	0.705608, 	74.509995
25, 	0.700084, 	74.559998
26, 	0.704344, 	74.199997
27, 	0.688100, 	75.279999
28, 	0.684370, 	75.199997
29, 	0.680344, 	75.400002
30, 	0.675321, 	75.459999
31, 	0.671521, 	75.750000
32, 	0.671903, 	74.849998
33, 	0.663566, 	75.619995
34, 	0.665105, 	75.900002
35, 	0.656861, 	76.169998
36, 	0.654301, 	75.869995
37, 	0.649707, 	76.320000
38, 	0.648661, 	75.869995
39, 	0.649457, 	76.169998
40, 	0.640486, 	76.559998
41, 	0.638763, 	76.909996
42, 	0.640034, 	76.580002
43, 	0.635433, 	76.909996
44, 	0.631718, 	77.040001
45, 	0.630892, 	76.769997
46, 	0.627854, 	77.259995
47, 	0.626505, 	77.379997
48, 	0.625743, 	76.669998
49, 	0.618864, 	77.409996
50, 	0.616142, 	77.639999
