1, 	2.806812, 	3.930000
2, 	2.271122, 	9.900000
3, 	4.291292, 	10.090000
4, 	7.596461, 	0.750000
5, 	2.342545, 	4.650000
6, 	4.855919, 	0.900000
7, 	2.279290, 	16.750000
8, 	2.821391, 	6.580000
9, 	7.278604, 	10.090000
10, 	7.655842, 	9.710000
11, 	13.146354, 	10.090000
12, 	4.162590, 	17.410000
13, 	2.351641, 	29.869999
14, 	7.645261, 	11.210000
15, 	11.519890, 	11.730000
16, 	4.200916, 	17.139999
17, 	2.041545, 	21.609999
18, 	3.468115, 	16.969999
19, 	4.894101, 	22.459999
20, 	1.105379, 	60.099998
21, 	3.402489, 	35.360001
22, 	7.892077, 	20.189999
23, 	5.569414, 	16.539999
24, 	2.730053, 	21.209999
25, 	1.549096, 	52.410000
26, 	3.739750, 	28.119999
27, 	5.109953, 	19.609999
28, 	5.666793, 	20.080000
29, 	5.219008, 	19.410000
30, 	12.642942, 	17.340000
31, 	18.218404, 	6.430000
32, 	3.151815, 	25.670000
33, 	9.831127, 	18.660000
34, 	3.948586, 	25.639999
35, 	1.872699, 	42.820000
36, 	8.559363, 	18.879999
37, 	11.235140, 	17.469999
38, 	7.614210, 	20.119999
39, 	2.163411, 	38.619999
40, 	1.397409, 	55.270000
41, 	2.629655, 	42.840000
42, 	0.808602, 	73.279999
43, 	2.461541, 	36.369999
44, 	5.322556, 	21.799999
45, 	1.065216, 	65.570000
46, 	0.914905, 	71.019997
47, 	1.120532, 	66.699997
48, 	1.035002, 	69.379997
49, 	1.258262, 	63.699997
50, 	2.124609, 	56.129997
