1, 	2.249017, 	22.330000
2, 	2.151006, 	53.369999
3, 	1.907523, 	67.909996
4, 	1.352158, 	77.529999
5, 	0.815402, 	82.889999
6, 	0.590970, 	86.180000
7, 	0.484174, 	87.699997
8, 	0.423727, 	88.919998
9, 	0.389887, 	89.250000
10, 	0.362592, 	89.639999
11, 	0.339773, 	90.189995
12, 	0.322170, 	90.919998
13, 	0.310651, 	91.049995
14, 	0.296968, 	91.659996
15, 	0.288106, 	91.809998
16, 	0.278527, 	92.029999
17, 	0.267394, 	92.299995
18, 	0.261250, 	92.629997
19, 	0.254686, 	92.689995
20, 	0.242435, 	93.110001
21, 	0.233900, 	93.379997
22, 	0.230853, 	93.570000
23, 	0.223816, 	93.529999
24, 	0.218906, 	93.779999
25, 	0.217297, 	93.779999
26, 	0.205841, 	94.049995
27, 	0.202881, 	94.239998
28, 	0.198946, 	94.259995
29, 	0.195313, 	94.389999
30, 	0.192259, 	94.470001
31, 	0.186962, 	94.529999
32, 	0.180708, 	94.699997
33, 	0.177494, 	94.790001
34, 	0.174974, 	94.849998
35, 	0.173965, 	94.949997
36, 	0.168313, 	95.099998
37, 	0.163524, 	95.259995
38, 	0.158953, 	95.309998
39, 	0.157267, 	95.299995
40, 	0.156495, 	95.279999
41, 	0.152832, 	95.439995
42, 	0.149735, 	95.439995
43, 	0.148531, 	95.540001
44, 	0.144261, 	95.689995
45, 	0.141992, 	95.820000
46, 	0.144617, 	95.769997
47, 	0.139909, 	95.729996
48, 	0.139194, 	95.769997
49, 	0.137141, 	95.879997
50, 	0.134337, 	95.919998
