1, 	2.251045, 	23.250000
2, 	2.144710, 	45.180000
3, 	1.902255, 	69.930000
4, 	1.315290, 	76.659996
5, 	0.810003, 	82.909996
6, 	0.599575, 	85.369995
7, 	0.479307, 	87.849998
8, 	0.429469, 	88.329994
9, 	0.383158, 	89.389999
10, 	0.357426, 	89.860001
11, 	0.340494, 	90.360001
12, 	0.323847, 	90.799995
13, 	0.308542, 	91.110001
14, 	0.288624, 	91.739998
15, 	0.280920, 	91.809998
16, 	0.272229, 	92.169998
17, 	0.261466, 	92.669998
18, 	0.246806, 	92.860001
19, 	0.241160, 	92.970001
20, 	0.238805, 	93.019997
21, 	0.226515, 	93.519997
22, 	0.220089, 	93.489998
23, 	0.214710, 	93.750000
24, 	0.208053, 	93.869995
25, 	0.204009, 	93.899994
26, 	0.200756, 	94.129997
27, 	0.194372, 	94.279999
28, 	0.192409, 	94.430000
29, 	0.185833, 	94.659996
30, 	0.178624, 	94.729996
31, 	0.176510, 	94.759995
32, 	0.171070, 	94.909996
33, 	0.164094, 	95.199997
34, 	0.162252, 	95.199997
35, 	0.157419, 	95.299995
36, 	0.153607, 	95.269997
37, 	0.152249, 	95.529999
38, 	0.148987, 	95.599998
39, 	0.146740, 	95.629997
40, 	0.144474, 	95.720001
41, 	0.137792, 	95.839996
42, 	0.139610, 	95.839996
43, 	0.136654, 	96.040001
44, 	0.134680, 	95.949997
45, 	0.129928, 	96.129997
46, 	0.130285, 	96.000000
47, 	0.123485, 	96.299995
48, 	0.122080, 	96.290001
49, 	0.117047, 	96.369995
50, 	0.115825, 	96.540001
