1, 	2.244422, 	26.250000
2, 	2.136228, 	50.619999
3, 	1.864109, 	71.229996
4, 	1.260309, 	78.180000
5, 	0.771518, 	82.739998
6, 	0.566486, 	86.079994
7, 	0.472253, 	87.549995
8, 	0.416623, 	88.659996
9, 	0.381244, 	89.419998
10, 	0.354783, 	90.000000
11, 	0.333911, 	90.610001
12, 	0.318597, 	90.849998
13, 	0.299440, 	91.360001
14, 	0.288605, 	91.729996
15, 	0.279301, 	91.959999
16, 	0.269104, 	92.259995
17, 	0.257445, 	92.589996
18, 	0.248683, 	92.829994
19, 	0.238631, 	93.089996
20, 	0.235492, 	93.089996
21, 	0.229132, 	93.379997
22, 	0.222958, 	93.540001
23, 	0.214647, 	93.899994
24, 	0.210426, 	93.769997
25, 	0.203788, 	94.040001
26, 	0.196027, 	94.220001
27, 	0.191319, 	94.479996
28, 	0.186888, 	94.500000
29, 	0.182373, 	94.669998
30, 	0.178924, 	94.769997
31, 	0.172739, 	95.009995
32, 	0.168475, 	95.250000
33, 	0.165086, 	95.259995
34, 	0.160712, 	95.399994
35, 	0.157805, 	95.439995
36, 	0.155253, 	95.489998
37, 	0.152013, 	95.489998
38, 	0.149101, 	95.750000
39, 	0.145443, 	95.799995
40, 	0.142110, 	95.729996
41, 	0.139569, 	95.869995
42, 	0.135910, 	95.959999
43, 	0.135705, 	95.989998
44, 	0.132040, 	96.139999
45, 	0.129250, 	96.019997
46, 	0.125696, 	96.229996
47, 	0.124116, 	96.269997
48, 	0.122324, 	96.329994
49, 	0.119899, 	96.299995
50, 	0.119564, 	96.379997
