1, 	2.249192, 	24.420000
2, 	2.144895, 	46.299999
3, 	1.899940, 	70.099998
4, 	1.313682, 	76.369995
5, 	0.806390, 	82.470001
6, 	0.600324, 	85.220001
7, 	0.482435, 	87.739998
8, 	0.430364, 	88.239998
9, 	0.385018, 	89.089996
10, 	0.361181, 	89.659996
11, 	0.344780, 	90.220001
12, 	0.330064, 	90.419998
13, 	0.310568, 	90.970001
14, 	0.290902, 	91.680000
15, 	0.285906, 	91.709999
16, 	0.274044, 	92.029999
17, 	0.265600, 	92.439995
18, 	0.250466, 	92.790001
19, 	0.243650, 	92.829994
20, 	0.241235, 	92.970001
21, 	0.230654, 	93.479996
22, 	0.225751, 	93.479996
23, 	0.219250, 	93.610001
24, 	0.212039, 	93.799995
25, 	0.207935, 	93.829994
26, 	0.204844, 	93.989998
27, 	0.198357, 	94.299995
28, 	0.199651, 	94.290001
29, 	0.189825, 	94.479996
30, 	0.183282, 	94.759995
31, 	0.181334, 	94.629997
32, 	0.175846, 	94.790001
33, 	0.167389, 	94.889999
34, 	0.164567, 	95.139999
35, 	0.159352, 	95.180000
36, 	0.157524, 	95.209999
37, 	0.159369, 	95.229996
38, 	0.155119, 	95.329994
39, 	0.149783, 	95.449997
40, 	0.147427, 	95.529999
41, 	0.142532, 	95.729996
42, 	0.144876, 	95.669998
43, 	0.139755, 	95.909996
44, 	0.139017, 	95.959999
45, 	0.137435, 	95.889999
46, 	0.134604, 	95.979996
47, 	0.129023, 	96.029999
48, 	0.126071, 	96.259995
49, 	0.121402, 	96.209999
50, 	0.122020, 	96.320000
