1, 	2.250509, 	22.039999
2, 	2.141621, 	45.559998
3, 	1.893192, 	69.559998
4, 	1.277834, 	76.110001
5, 	0.776122, 	82.309998
6, 	0.575172, 	85.799995
7, 	0.473661, 	87.779999
8, 	0.421072, 	88.779999
9, 	0.385349, 	89.449997
10, 	0.355853, 	90.029999
11, 	0.337364, 	90.619995
12, 	0.321613, 	90.750000
13, 	0.305528, 	91.369995
14, 	0.292204, 	91.579994
15, 	0.282487, 	91.909996
16, 	0.273287, 	92.329994
17, 	0.260753, 	92.540001
18, 	0.255129, 	92.430000
19, 	0.243453, 	93.099998
20, 	0.232986, 	93.279999
21, 	0.228690, 	93.339996
22, 	0.222047, 	93.500000
23, 	0.218262, 	93.669998
24, 	0.208837, 	94.070000
25, 	0.205878, 	94.119995
26, 	0.195978, 	94.199997
27, 	0.192812, 	94.259995
28, 	0.187297, 	94.559998
29, 	0.181670, 	94.610001
30, 	0.180373, 	94.709999
31, 	0.177741, 	94.799995
32, 	0.172068, 	94.959999
33, 	0.163201, 	95.189995
34, 	0.159075, 	95.369995
35, 	0.156886, 	95.379997
36, 	0.152579, 	95.599998
37, 	0.147690, 	95.649994
38, 	0.145566, 	95.790001
39, 	0.143748, 	95.769997
40, 	0.138665, 	95.820000
41, 	0.136809, 	95.860001
42, 	0.132129, 	95.949997
43, 	0.127109, 	96.199997
44, 	0.126077, 	96.129997
45, 	0.123500, 	96.239998
46, 	0.123004, 	96.180000
47, 	0.121774, 	96.329994
48, 	0.120333, 	96.369995
49, 	0.118728, 	96.389999
50, 	0.112676, 	96.479996
