1, 	2.247097, 	24.660000
2, 	2.139619, 	51.699997
3, 	1.872008, 	68.199997
4, 	1.279866, 	78.799995
5, 	0.773230, 	83.110001
6, 	0.571007, 	86.439995
7, 	0.472192, 	87.939995
8, 	0.417253, 	88.610001
9, 	0.379600, 	89.449997
10, 	0.354006, 	90.059998
11, 	0.334043, 	90.400002
12, 	0.318080, 	90.939995
13, 	0.300424, 	91.339996
14, 	0.289971, 	91.549995
15, 	0.277525, 	92.040001
16, 	0.268008, 	92.239998
17, 	0.258853, 	92.399994
18, 	0.253947, 	92.529999
19, 	0.245046, 	92.909996
20, 	0.234752, 	93.299995
21, 	0.230045, 	93.509995
22, 	0.226949, 	93.299995
23, 	0.216918, 	93.729996
24, 	0.213693, 	93.689995
25, 	0.204662, 	93.959999
26, 	0.199816, 	94.089996
27, 	0.193818, 	94.339996
28, 	0.191250, 	94.489998
29, 	0.188054, 	94.619995
30, 	0.189335, 	94.519997
31, 	0.178252, 	94.739998
32, 	0.172182, 	95.029999
33, 	0.170719, 	95.169998
34, 	0.166699, 	95.110001
35, 	0.165693, 	95.079994
36, 	0.158829, 	95.430000
37, 	0.154637, 	95.589996
38, 	0.149892, 	95.779999
39, 	0.145073, 	95.759995
40, 	0.141932, 	95.739998
41, 	0.139901, 	95.919998
42, 	0.139126, 	96.029999
43, 	0.135453, 	95.949997
44, 	0.133478, 	96.139999
45, 	0.131734, 	95.959999
46, 	0.129084, 	96.089996
47, 	0.125768, 	96.169998
48, 	0.123289, 	96.239998
49, 	0.121133, 	96.309998
50, 	0.122128, 	96.149994
