1, 	2.296813, 	10.000000
2, 	2.286460, 	10.009999
3, 	2.270417, 	16.420000
4, 	2.241631, 	27.049999
5, 	2.179268, 	28.410000
6, 	2.031015, 	30.650000
7, 	1.699827, 	55.329998
8, 	1.320660, 	62.299999
9, 	1.094612, 	62.639999
10, 	0.981484, 	63.279999
11, 	0.914645, 	66.309998
12, 	0.875671, 	67.419998
13, 	0.853431, 	67.549995
14, 	0.828570, 	68.739998
15, 	0.813913, 	69.320000
16, 	0.797674, 	70.269997
17, 	0.782032, 	71.379997
18, 	0.772473, 	71.949997
19, 	0.759368, 	72.389999
20, 	0.746437, 	72.529999
21, 	0.739393, 	72.889999
22, 	0.728528, 	73.650002
23, 	0.729160, 	73.739998
24, 	0.710135, 	73.839996
25, 	0.707073, 	74.619995
26, 	0.699414, 	74.159996
27, 	0.692834, 	74.900002
28, 	0.687518, 	75.139999
29, 	0.684575, 	74.860001
30, 	0.680548, 	75.189995
31, 	0.677354, 	75.409996
32, 	0.670427, 	75.549995
33, 	0.673705, 	75.220001
34, 	0.667074, 	75.669998
35, 	0.664367, 	75.400002
36, 	0.662065, 	75.779999
37, 	0.662201, 	75.089996
38, 	0.656378, 	75.830002
39, 	0.655669, 	76.229996
40, 	0.652437, 	75.779999
41, 	0.646094, 	76.239998
42, 	0.645309, 	76.229996
43, 	0.643932, 	76.330002
44, 	0.643273, 	76.860001
45, 	0.637069, 	76.610001
46, 	0.638255, 	76.570000
47, 	0.641497, 	76.689995
48, 	0.634777, 	76.419998
49, 	0.633047, 	76.669998
50, 	0.629025, 	77.000000
