1, 	2.613113, 	5.080000
2, 	2.299038, 	10.000000
3, 	3.524299, 	0.620000
4, 	5.249104, 	0.230000
5, 	2.357972, 	3.710000
6, 	3.442001, 	0.990000
7, 	2.297341, 	5.930000
8, 	2.646415, 	0.640000
9, 	5.222464, 	0.190000
10, 	4.051521, 	2.360000
11, 	5.988175, 	0.570000
12, 	2.949365, 	8.110000
13, 	2.578128, 	8.590000
14, 	5.491915, 	3.950000
15, 	8.154703, 	4.010000
16, 	3.611320, 	9.240000
17, 	2.054753, 	28.980000
18, 	4.675785, 	10.050000
19, 	5.475685, 	9.179999
20, 	1.846452, 	33.180000
21, 	6.406888, 	15.919999
22, 	12.516434, 	10.360000
23, 	6.853260, 	10.000000
24, 	2.430569, 	19.820000
25, 	4.235653, 	23.629999
26, 	3.777761, 	20.080000
27, 	8.430652, 	11.200000
28, 	7.739325, 	10.000000
29, 	5.277463, 	10.059999
30, 	14.934179, 	9.960000
31, 	22.546087, 	8.770000
32, 	7.890237, 	9.990000
33, 	20.442826, 	9.990000
34, 	14.743064, 	10.009999
35, 	3.195671, 	20.629999
36, 	19.971298, 	4.540000
37, 	19.643283, 	7.960000
38, 	13.165444, 	12.270000
39, 	4.988775, 	18.160000
40, 	5.316766, 	16.939999
41, 	8.624376, 	15.460000
42, 	1.145471, 	53.599998
43, 	7.287252, 	17.260000
44, 	12.971373, 	10.190000
45, 	2.118234, 	34.739998
46, 	1.764153, 	46.789997
47, 	3.518034, 	23.809999
48, 	2.956117, 	36.329998
49, 	2.352927, 	40.610001
50, 	3.868325, 	27.559999
