1, 	2.296947, 	10.000000
2, 	2.285943, 	10.000000
3, 	2.269599, 	12.179999
4, 	2.240663, 	24.260000
5, 	2.175441, 	29.009998
6, 	2.024741, 	39.639999
7, 	1.686563, 	56.889999
8, 	1.309190, 	61.889999
9, 	1.084884, 	62.359997
10, 	0.970281, 	64.430000
11, 	0.909727, 	66.070000
12, 	0.874583, 	67.099998
13, 	0.849726, 	68.400002
14, 	0.825178, 	69.029999
15, 	0.812342, 	69.680000
16, 	0.792897, 	71.139999
17, 	0.775831, 	72.229996
18, 	0.770812, 	71.830002
19, 	0.752200, 	73.169998
20, 	0.747670, 	73.029999
21, 	0.730781, 	73.869995
22, 	0.726246, 	73.009995
23, 	0.712781, 	74.389999
24, 	0.707150, 	74.799995
25, 	0.705289, 	74.860001
26, 	0.701452, 	73.500000
27, 	0.693956, 	75.330002
28, 	0.684718, 	75.049995
29, 	0.681114, 	75.259995
30, 	0.679127, 	75.040001
31, 	0.676628, 	75.629997
32, 	0.666279, 	75.739998
33, 	0.663865, 	76.000000
34, 	0.666877, 	75.150002
35, 	0.659878, 	76.070000
36, 	0.656286, 	76.220001
37, 	0.653698, 	75.779999
38, 	0.650240, 	76.379997
39, 	0.643640, 	76.419998
40, 	0.645090, 	76.529999
41, 	0.647354, 	75.119995
42, 	0.638332, 	76.610001
43, 	0.635333, 	76.759995
44, 	0.634580, 	76.549995
45, 	0.632867, 	76.699997
46, 	0.629519, 	77.290001
47, 	0.624491, 	77.449997
48, 	0.624045, 	77.239998
49, 	0.620437, 	77.189995
50, 	0.617756, 	77.549995
