1, 	2.244751, 	27.400000
2, 	2.138269, 	50.860001
3, 	1.870249, 	70.680000
4, 	1.269909, 	78.259995
5, 	0.772910, 	82.829994
6, 	0.568349, 	86.169998
7, 	0.472354, 	87.589996
8, 	0.417624, 	88.529999
9, 	0.382764, 	89.309998
10, 	0.354440, 	90.089996
11, 	0.334052, 	90.549995
12, 	0.319565, 	90.829994
13, 	0.301154, 	91.309998
14, 	0.290298, 	91.699997
15, 	0.280621, 	91.879997
16, 	0.272394, 	92.159996
17, 	0.261659, 	92.500000
18, 	0.250403, 	92.649994
19, 	0.240349, 	92.979996
20, 	0.235339, 	93.099998
21, 	0.230553, 	93.209999
22, 	0.225976, 	93.449997
23, 	0.215043, 	93.790001
24, 	0.212306, 	93.769997
25, 	0.205305, 	94.000000
26, 	0.197610, 	94.229996
27, 	0.192471, 	94.419998
28, 	0.187723, 	94.639999
29, 	0.182121, 	94.689995
30, 	0.179495, 	94.669998
31, 	0.173464, 	94.919998
32, 	0.169844, 	95.099998
33, 	0.166241, 	95.220001
34, 	0.161262, 	95.299995
35, 	0.156894, 	95.430000
36, 	0.152319, 	95.579994
37, 	0.150713, 	95.439995
38, 	0.146564, 	95.680000
39, 	0.145579, 	95.759995
40, 	0.140835, 	95.799995
41, 	0.140030, 	95.809998
42, 	0.136994, 	95.889999
43, 	0.134540, 	96.059998
44, 	0.129390, 	96.079994
45, 	0.126882, 	96.019997
46, 	0.123691, 	96.329994
47, 	0.121636, 	96.250000
48, 	0.119125, 	96.320000
49, 	0.116540, 	96.449997
50, 	0.115058, 	96.430000
