1, 	2.249548, 	21.430000
2, 	2.152696, 	53.259998
3, 	1.912175, 	67.750000
4, 	1.350688, 	77.290001
5, 	0.818028, 	82.829994
6, 	0.594579, 	86.079994
7, 	0.487389, 	87.680000
8, 	0.426141, 	88.820000
9, 	0.392039, 	89.239998
10, 	0.364154, 	89.680000
11, 	0.341344, 	90.169998
12, 	0.323962, 	90.829994
13, 	0.311740, 	91.110001
14, 	0.295924, 	91.639999
15, 	0.287350, 	91.829994
16, 	0.278306, 	92.139999
17, 	0.267277, 	92.379997
18, 	0.260941, 	92.649994
19, 	0.255161, 	92.720001
20, 	0.243258, 	93.099998
21, 	0.235231, 	93.389999
22, 	0.229924, 	93.619995
23, 	0.223466, 	93.500000
24, 	0.218081, 	93.799995
25, 	0.216923, 	93.820000
26, 	0.206037, 	94.049995
27, 	0.201029, 	94.250000
28, 	0.197911, 	94.309998
29, 	0.194328, 	94.459999
30, 	0.191517, 	94.430000
31, 	0.187400, 	94.540001
32, 	0.181134, 	94.649994
33, 	0.178288, 	94.759995
34, 	0.175973, 	94.849998
35, 	0.172480, 	94.959999
36, 	0.167876, 	95.119995
37, 	0.163347, 	95.279999
38, 	0.159369, 	95.299995
39, 	0.158168, 	95.279999
40, 	0.157546, 	95.269997
41, 	0.154059, 	95.379997
42, 	0.150594, 	95.430000
43, 	0.150164, 	95.470001
44, 	0.145863, 	95.649994
45, 	0.143932, 	95.739998
46, 	0.144371, 	95.769997
47, 	0.140593, 	95.659996
48, 	0.137756, 	95.889999
49, 	0.136429, 	95.939995
50, 	0.133990, 	95.899994
