1, 	3.179656, 	10.090000
2, 	2.274385, 	13.099999
3, 	4.954158, 	10.090000
4, 	2.252758, 	17.680000
5, 	2.345128, 	10.210000
6, 	12.111749, 	10.090000
7, 	2.232364, 	30.529999
8, 	10.979047, 	10.090000
9, 	2.141375, 	36.820000
10, 	3.023677, 	18.930000
11, 	3.351343, 	9.230000
12, 	16.929474, 	10.090000
13, 	6.659570, 	10.090000
14, 	2.654047, 	24.230000
15, 	17.626827, 	10.090000
16, 	25.050072, 	10.090000
17, 	45.486755, 	10.090000
18, 	8.640558, 	12.980000
19, 	2.441567, 	20.070000
20, 	13.699103, 	0.900000
21, 	4.461890, 	4.130000
22, 	2.747166, 	17.170000
23, 	3.617385, 	38.309998
24, 	11.968221, 	9.830000
25, 	45.125101, 	9.800000
26, 	11.675601, 	5.540000
27, 	1.635350, 	49.039997
28, 	8.953605, 	8.380000
29, 	11.817538, 	16.559999
30, 	3.339263, 	28.969999
31, 	4.322100, 	51.669998
32, 	8.537055, 	23.900000
33, 	3.225481, 	39.430000
34, 	2.014435, 	42.070000
35, 	1.896650, 	27.590000
36, 	2.107408, 	54.160000
37, 	5.865566, 	9.920000
38, 	8.123356, 	9.790000
39, 	5.084670, 	6.370000
40, 	2.857224, 	13.559999
41, 	3.598540, 	9.980000
42, 	18.913544, 	9.940000
43, 	17.566786, 	6.580000
44, 	4.195097, 	16.570000
45, 	16.556235, 	18.520000
46, 	1.573885, 	46.289997
47, 	3.166862, 	35.610001
48, 	27.818326, 	10.090000
49, 	26.030051, 	10.099999
50, 	12.897032, 	24.789999
