1, 	2.248435, 	26.580000
2, 	2.139253, 	45.789997
3, 	1.877339, 	69.220001
4, 	1.289005, 	78.610001
5, 	0.775748, 	83.220001
6, 	0.574270, 	86.459999
7, 	0.472323, 	87.970001
8, 	0.417897, 	88.709999
9, 	0.381580, 	89.459999
10, 	0.354380, 	89.949997
11, 	0.334894, 	90.459999
12, 	0.317352, 	91.019997
13, 	0.299465, 	91.439995
14, 	0.288572, 	91.579994
15, 	0.277574, 	92.079994
16, 	0.267416, 	92.159996
17, 	0.260490, 	92.409996
18, 	0.252236, 	92.639999
19, 	0.243456, 	93.089996
20, 	0.232523, 	93.320000
21, 	0.228360, 	93.540001
22, 	0.221588, 	93.570000
23, 	0.214785, 	93.799995
24, 	0.209740, 	93.769997
25, 	0.201621, 	94.099998
26, 	0.197338, 	94.250000
27, 	0.190937, 	94.529999
28, 	0.188080, 	94.500000
29, 	0.183055, 	94.720001
30, 	0.183935, 	94.629997
31, 	0.175075, 	94.909996
32, 	0.170922, 	95.040001
33, 	0.168005, 	95.129997
34, 	0.163259, 	95.239998
35, 	0.162462, 	95.209999
36, 	0.155573, 	95.529999
37, 	0.152265, 	95.639999
38, 	0.148264, 	95.699997
39, 	0.142815, 	95.750000
40, 	0.139054, 	95.839996
41, 	0.138383, 	95.919998
42, 	0.135757, 	96.079994
43, 	0.133794, 	96.000000
44, 	0.132657, 	96.099998
45, 	0.129407, 	96.119995
46, 	0.126631, 	96.159996
47, 	0.123991, 	96.169998
48, 	0.120730, 	96.329994
49, 	0.119181, 	96.430000
50, 	0.120018, 	96.349998
