1, 	2.245350, 	24.170000
2, 	2.141827, 	59.320000
3, 	1.872090, 	72.250000
4, 	1.264958, 	74.930000
5, 	0.777426, 	82.459999
6, 	0.570450, 	86.000000
7, 	0.479601, 	87.139999
8, 	0.422336, 	88.599998
9, 	0.384403, 	89.259995
10, 	0.363657, 	89.599998
11, 	0.343743, 	89.939995
12, 	0.320484, 	90.829994
13, 	0.308169, 	91.250000
14, 	0.291006, 	91.729996
15, 	0.288528, 	91.689995
16, 	0.271731, 	92.110001
17, 	0.260493, 	92.269997
18, 	0.260574, 	92.559998
19, 	0.245486, 	93.019997
20, 	0.238973, 	93.110001
21, 	0.229851, 	93.500000
22, 	0.226926, 	93.399994
23, 	0.215306, 	93.639999
24, 	0.206249, 	94.009995
25, 	0.214785, 	93.739998
26, 	0.200445, 	94.110001
27, 	0.191444, 	94.419998
28, 	0.190560, 	94.419998
29, 	0.184153, 	94.540001
30, 	0.182612, 	94.589996
31, 	0.180341, 	94.809998
32, 	0.167456, 	95.029999
33, 	0.165603, 	94.959999
34, 	0.163166, 	94.939995
35, 	0.156264, 	95.349998
36, 	0.150765, 	95.500000
37, 	0.147474, 	95.669998
38, 	0.148197, 	95.659996
39, 	0.148030, 	95.669998
40, 	0.143555, 	95.759995
41, 	0.140591, 	95.649994
42, 	0.136265, 	95.860001
43, 	0.134313, 	95.970001
44, 	0.132231, 	95.919998
45, 	0.129657, 	96.110001
46, 	0.127292, 	96.129997
47, 	0.123423, 	96.299995
48, 	0.119029, 	96.369995
49, 	0.122852, 	96.320000
50, 	0.115571, 	96.489998
