1, 	2.296581, 	10.000000
2, 	2.285662, 	10.000000
3, 	2.268822, 	12.440000
4, 	2.236992, 	25.459999
5, 	2.167371, 	32.299999
6, 	2.001337, 	30.750000
7, 	1.644910, 	58.329998
8, 	1.277535, 	60.980000
9, 	1.066633, 	63.309998
10, 	0.965454, 	63.539997
11, 	0.904301, 	65.830002
12, 	0.872202, 	66.750000
13, 	0.849253, 	68.779999
14, 	0.826293, 	68.930000
15, 	0.808466, 	69.989998
16, 	0.790403, 	71.040001
17, 	0.777817, 	71.059998
18, 	0.765264, 	72.049995
19, 	0.752935, 	72.299995
20, 	0.740250, 	73.540001
21, 	0.733224, 	73.320000
22, 	0.723155, 	73.309998
23, 	0.712313, 	74.040001
24, 	0.705436, 	74.619995
25, 	0.699491, 	74.720001
26, 	0.701934, 	74.309998
27, 	0.688182, 	75.239998
28, 	0.683811, 	75.099998
29, 	0.679999, 	75.199997
30, 	0.674937, 	75.309998
31, 	0.671518, 	75.750000
32, 	0.671102, 	75.009995
33, 	0.663967, 	75.519997
34, 	0.666199, 	75.839996
35, 	0.657046, 	75.979996
36, 	0.654313, 	75.790001
37, 	0.649466, 	76.290001
38, 	0.648539, 	75.769997
39, 	0.649333, 	76.229996
40, 	0.640244, 	76.639999
41, 	0.637625, 	76.879997
42, 	0.637642, 	76.709999
43, 	0.635223, 	76.820000
44, 	0.631672, 	77.009995
45, 	0.630762, 	76.599998
46, 	0.627054, 	77.330002
47, 	0.626090, 	77.389999
48, 	0.624705, 	76.739998
49, 	0.618261, 	77.459999
50, 	0.615728, 	77.589996
