1, 	4.280393, 	10.000000
2, 	62.292435, 	10.000000
3, 	111.775968, 	10.000000
4, 	135.988876, 	5.290000
5, 	112.307901, 	3.880000
6, 	171.294436, 	8.950000
7, 	126.573291, 	3.380000
8, 	305.679819, 	5.130000
9, 	308.213732, 	6.850000
10, 	18.694366, 	7.450000
11, 	165.249205, 	6.950000
12, 	568.851504, 	6.560000
13, 	867.958211, 	7.090000
14, 	277.891663, 	6.090000
15, 	1563.622508, 	8.960000
16, 	911.998393, 	6.010000
17, 	2.887341, 	10.009999
18, 	2379.273879, 	10.099999
19, 	2.908649, 	10.000000
20, 	2.927370, 	10.000000
21, 	6.855211, 	10.000000
22, 	7114.225890, 	7.690000
23, 	2.997714, 	10.000000
24, 	28.071344, 	9.929999
25, 	3.120663, 	10.000000
26, 	11604.012838, 	8.300000
27, 	3.155223, 	10.000000
28, 	3.204116, 	10.000000
29, 	584.911537, 	10.000000
30, 	163.500894, 	10.240000
31, 	3.397873, 	10.000000
32, 	3.470230, 	10.000000
33, 	5820.080386, 	10.280000
34, 	3.595839, 	10.000000
35, 	3.857849, 	10.000000
36, 	4.922215, 	10.000000
37, 	5.052096, 	10.000000
38, 	5.680960, 	10.000000
39, 	4.054418, 	10.000000
40, 	5.097246, 	10.000000
41, 	6.113359, 	10.000000
42, 	8.248403, 	10.000000
43, 	4.447827, 	10.000000
44, 	123452.549196, 	9.990000
45, 	4.418107, 	10.000000
46, 	18580.224191, 	9.620000
47, 	4.391400, 	10.000000
48, 	4.458834, 	10.000000
49, 	4.524612, 	10.000000
50, 	4.581776, 	10.000000
