1, 	2.244155, 	25.949999
2, 	2.135072, 	48.899998
3, 	1.860300, 	70.430000
4, 	1.250829, 	78.290001
5, 	0.765796, 	82.909996
6, 	0.564345, 	86.119995
7, 	0.470878, 	87.650002
8, 	0.415452, 	88.750000
9, 	0.379665, 	89.529999
10, 	0.354377, 	90.000000
11, 	0.332856, 	90.549995
12, 	0.317253, 	90.939995
13, 	5.307910, 	9.740000
14, 	1.226910, 	69.309998
15, 	0.738513, 	80.790001
16, 	0.560131, 	84.519997
17, 	0.473172, 	86.619995
18, 	0.424448, 	87.779999
19, 	0.385092, 	88.989998
20, 	0.359055, 	89.559998
21, 	0.339115, 	90.099998
22, 	0.325039, 	90.649994
23, 	0.307855, 	91.019997
24, 	0.295591, 	91.419998
25, 	0.282687, 	91.779999
26, 	0.270315, 	92.009995
27, 	0.260231, 	92.379997
28, 	0.252004, 	92.549995
29, 	3.729614, 	18.270000
30, 	0.543525, 	84.949997
31, 	0.440070, 	87.459999
32, 	0.386931, 	88.979996
33, 	0.356438, 	89.709999
34, 	0.332165, 	90.379997
35, 	0.315837, 	90.750000
36, 	0.298961, 	91.180000
37, 	0.285529, 	91.649994
38, 	0.279457, 	91.639999
39, 	0.263376, 	92.259995
40, 	0.255280, 	92.439995
41, 	0.247419, 	92.699997
42, 	8.541660, 	11.440000
43, 	0.540382, 	83.619995
44, 	0.444861, 	86.790001
45, 	0.398233, 	88.360001
46, 	0.366297, 	89.239998
47, 	0.345375, 	89.839996
48, 	0.324918, 	90.470001
49, 	0.309922, 	91.009995
50, 	0.298750, 	91.229996
