1, 	2.296979, 	10.000000
2, 	2.286739, 	10.000000
3, 	2.270813, 	14.620000
4, 	2.242574, 	26.889999
5, 	2.181932, 	29.009998
6, 	2.037840, 	30.650000
7, 	1.713291, 	55.169998
8, 	1.331913, 	62.590000
9, 	1.100646, 	62.619999
10, 	0.985902, 	63.189999
11, 	0.918229, 	66.260002
12, 	0.878890, 	67.159996
13, 	0.854612, 	67.470001
14, 	0.830755, 	68.570000
15, 	0.815790, 	69.209999
16, 	0.799593, 	70.229996
17, 	0.783717, 	71.250000
18, 	0.773858, 	71.889999
19, 	0.761007, 	72.239998
20, 	0.748474, 	72.509995
21, 	0.741731, 	72.759995
22, 	0.730110, 	73.470001
23, 	0.728225, 	73.669998
24, 	0.712972, 	73.779999
25, 	0.708312, 	74.599998
26, 	0.700536, 	74.070000
27, 	0.694313, 	74.919998
28, 	0.688906, 	75.040001
29, 	0.686226, 	74.699997
30, 	0.682191, 	75.189995
31, 	0.678775, 	75.129997
32, 	0.671984, 	75.529999
33, 	0.673989, 	75.180000
34, 	0.668282, 	75.669998
35, 	0.665645, 	75.439995
36, 	0.662532, 	75.839996
37, 	0.663370, 	75.040001
38, 	0.655953, 	75.909996
39, 	0.657180, 	76.220001
40, 	0.653459, 	75.769997
41, 	0.646753, 	76.279999
42, 	0.646686, 	76.099998
43, 	0.645917, 	76.119995
44, 	0.644590, 	76.839996
45, 	0.638365, 	76.419998
46, 	0.640535, 	76.229996
47, 	0.640936, 	76.659996
48, 	0.635814, 	76.459999
49, 	0.634258, 	76.680000
50, 	0.631577, 	76.970001
