1, 	2.245157, 	26.139999
2, 	2.140481, 	59.410000
3, 	1.878187, 	66.430000
4, 	1.276073, 	76.820000
5, 	0.773553, 	82.709999
6, 	0.571168, 	85.959999
7, 	0.475533, 	87.829994
8, 	0.423794, 	88.369995
9, 	0.386641, 	88.889999
10, 	0.358965, 	89.889999
11, 	0.336288, 	90.129997
12, 	0.316890, 	90.829994
13, 	0.309818, 	90.820000
14, 	0.298201, 	91.309998
15, 	0.290199, 	91.699997
16, 	0.273138, 	92.169998
17, 	0.260764, 	92.459999
18, 	0.251200, 	92.689995
19, 	0.237998, 	93.220001
20, 	0.231354, 	93.349998
21, 	0.229887, 	93.250000
22, 	0.227658, 	93.439995
23, 	0.216068, 	93.759995
24, 	0.211663, 	93.799995
25, 	0.204394, 	93.899994
26, 	0.194816, 	94.320000
27, 	0.191580, 	94.379997
28, 	0.189321, 	94.360001
29, 	0.182731, 	94.639999
30, 	0.177617, 	94.769997
31, 	0.172819, 	95.029999
32, 	0.173145, 	95.000000
33, 	0.167050, 	95.089996
34, 	0.162360, 	95.079994
35, 	0.156146, 	95.369995
36, 	0.154861, 	95.220001
37, 	0.149742, 	95.509995
38, 	0.151221, 	95.360001
39, 	0.143432, 	95.769997
40, 	0.142742, 	95.689995
41, 	0.141325, 	95.849998
42, 	0.137054, 	95.899994
43, 	0.137721, 	95.779999
44, 	0.130206, 	96.099998
45, 	0.129247, 	95.970001
46, 	0.125601, 	96.349998
47, 	0.119610, 	96.479996
48, 	0.122102, 	96.360001
49, 	0.117827, 	96.439995
50, 	0.113304, 	96.649994
