1, 	3.283814, 	10.090000
2, 	2.279084, 	9.580000
3, 	6.407304, 	10.090000
4, 	2.242126, 	20.000000
5, 	11.553603, 	9.800000
6, 	2.114533, 	46.289997
7, 	1.962778, 	51.009998
8, 	1.769406, 	75.169998
9, 	3.628658, 	28.580000
10, 	1.731906, 	76.220001
11, 	3.569655, 	0.790000
12, 	2.443107, 	11.000000
13, 	3.594285, 	1.330000
14, 	3.921837, 	9.800000
15, 	3.183831, 	10.090000
16, 	4.000753, 	1.910000
17, 	2.342934, 	8.940000
18, 	3.143059, 	10.090000
19, 	2.347343, 	9.320000
20, 	2.088307, 	18.270000
21, 	2.415966, 	8.700000
22, 	3.068643, 	13.389999
23, 	5.013977, 	0.570000
24, 	3.520721, 	9.910000
25, 	1.607730, 	49.119999
26, 	1.771412, 	40.799999
27, 	2.888343, 	18.490000
28, 	2.852698, 	16.199999
29, 	12.798115, 	1.470000
30, 	1.626899, 	47.180000
31, 	1.787489, 	49.180000
32, 	1.480218, 	53.189999
33, 	0.937745, 	69.559998
34, 	2.474353, 	43.110001
35, 	0.930278, 	67.369995
36, 	2.087740, 	51.699997
37, 	1.378269, 	57.180000
38, 	1.250151, 	54.799999
39, 	1.927154, 	40.349998
40, 	2.249654, 	38.849998
41, 	1.092571, 	63.320000
42, 	0.519107, 	83.809998
43, 	0.828755, 	75.379997
44, 	0.606508, 	80.449997
45, 	0.677376, 	77.489998
46, 	1.145516, 	64.119995
47, 	0.774521, 	74.540001
48, 	0.673251, 	77.540001
49, 	0.701056, 	75.259995
50, 	0.735432, 	74.909996
