1, 	2.249120, 	26.719999
2, 	2.138794, 	44.160000
3, 	1.879324, 	69.070000
4, 	1.294360, 	78.449997
5, 	0.776182, 	83.199997
6, 	0.575428, 	86.500000
7, 	0.472030, 	87.959999
8, 	0.418561, 	88.779999
9, 	0.382105, 	89.500000
10, 	0.354817, 	90.049995
11, 	0.335805, 	90.500000
12, 	0.316774, 	91.059998
13, 	0.298919, 	91.449997
14, 	0.288608, 	91.629997
15, 	0.277480, 	92.159996
16, 	0.266728, 	92.239998
17, 	0.259523, 	92.430000
18, 	0.251668, 	92.629997
19, 	0.243141, 	93.049995
20, 	0.231881, 	93.299995
21, 	0.227098, 	93.599998
22, 	0.220313, 	93.619995
23, 	0.213820, 	93.779999
24, 	0.208165, 	93.779999
25, 	0.200444, 	94.019997
26, 	0.195926, 	94.309998
27, 	0.189917, 	94.589996
28, 	0.186991, 	94.610001
29, 	0.181996, 	94.739998
30, 	0.182742, 	94.629997
31, 	0.174587, 	94.959999
32, 	0.170407, 	95.129997
33, 	0.167542, 	95.180000
34, 	0.162635, 	95.309998
35, 	0.161225, 	95.269997
36, 	0.154620, 	95.599998
37, 	0.151817, 	95.629997
38, 	0.147770, 	95.750000
39, 	0.141685, 	95.799995
40, 	0.138177, 	95.869995
41, 	0.137596, 	95.949997
42, 	0.134383, 	96.079994
43, 	0.132758, 	96.040001
44, 	0.132039, 	96.159996
45, 	0.128443, 	96.119995
46, 	0.125254, 	96.229996
47, 	0.122676, 	96.279999
48, 	0.119517, 	96.389999
49, 	0.118127, 	96.540001
50, 	0.118859, 	96.439995
