1, 	2.245567, 	20.340000
2, 	2.139326, 	54.669998
3, 	1.866073, 	65.459999
4, 	1.269399, 	78.900002
5, 	0.767898, 	83.070000
6, 	0.570805, 	86.549995
7, 	0.477193, 	87.820000
8, 	0.418644, 	88.790001
9, 	0.381613, 	89.489998
10, 	0.358103, 	90.000000
11, 	0.344106, 	90.159996
12, 	0.317417, 	90.750000
13, 	0.306821, 	91.349998
14, 	0.289675, 	91.689995
15, 	0.278068, 	91.930000
16, 	0.267527, 	92.269997
17, 	0.259042, 	92.619995
18, 	0.256093, 	92.829994
19, 	0.244478, 	93.040001
20, 	0.235112, 	93.110001
21, 	0.228489, 	93.610001
22, 	0.220181, 	93.389999
23, 	0.218598, 	93.579994
24, 	0.210356, 	93.919998
25, 	0.206649, 	93.949997
26, 	0.201000, 	93.979996
27, 	0.195338, 	94.299995
28, 	0.191628, 	94.470001
29, 	0.182283, 	94.610001
30, 	0.180414, 	94.879997
31, 	0.174491, 	94.759995
32, 	0.168416, 	95.070000
33, 	0.171338, 	95.099998
34, 	0.162874, 	95.409996
35, 	0.161039, 	95.290001
36, 	0.155943, 	95.379997
37, 	0.149555, 	95.680000
38, 	0.143244, 	95.869995
39, 	0.139507, 	95.849998
40, 	0.137014, 	96.000000
41, 	0.135212, 	95.959999
42, 	0.137479, 	95.899994
43, 	0.131069, 	96.099998
44, 	0.130896, 	96.049995
45, 	0.128476, 	96.099998
46, 	0.128565, 	96.239998
47, 	0.128921, 	96.129997
48, 	0.124157, 	96.110001
49, 	0.117654, 	96.489998
50, 	0.120312, 	96.360001
