1, 	2.296566, 	10.000000
2, 	2.285596, 	10.000000
3, 	2.268683, 	12.570000
4, 	2.236619, 	25.459999
5, 	2.166340, 	32.469997
6, 	1.999238, 	31.099998
7, 	1.642208, 	58.529999
8, 	1.276297, 	60.750000
9, 	1.066331, 	63.189999
10, 	0.965484, 	63.509998
11, 	0.904815, 	65.930000
12, 	0.872708, 	66.799995
13, 	0.849465, 	68.799995
14, 	0.825680, 	69.059998
15, 	0.809629, 	69.759995
16, 	0.790783, 	71.029999
17, 	0.778431, 	71.099998
18, 	0.765068, 	72.250000
19, 	0.754585, 	71.930000
20, 	0.740784, 	73.389999
21, 	0.733534, 	73.309998
22, 	0.723267, 	73.409996
23, 	0.713008, 	74.099998
24, 	0.705372, 	74.549995
25, 	0.699589, 	74.669998
26, 	0.704354, 	74.259995
27, 	0.688595, 	75.360001
28, 	0.684347, 	75.259995
29, 	0.680504, 	75.419998
30, 	0.675424, 	75.500000
31, 	0.671665, 	75.720001
32, 	0.672122, 	74.830002
33, 	0.664013, 	75.489998
34, 	0.665270, 	75.860001
35, 	0.657200, 	76.089996
36, 	0.654705, 	75.830002
37, 	0.649689, 	76.459999
38, 	0.649108, 	75.839996
39, 	0.649856, 	76.099998
40, 	0.641135, 	76.540001
41, 	0.638807, 	76.809998
42, 	0.640402, 	76.599998
43, 	0.636185, 	76.909996
44, 	0.632250, 	77.049995
45, 	0.631591, 	76.629997
46, 	0.628451, 	77.220001
47, 	0.626982, 	77.339996
48, 	0.625807, 	76.570000
49, 	0.619000, 	77.379997
50, 	0.616156, 	77.599998
