1, 	2.297099, 	10.000000
2, 	2.285898, 	10.000000
3, 	2.269563, 	11.559999
4, 	2.240756, 	24.150000
5, 	2.175127, 	28.660000
6, 	2.025129, 	38.980000
7, 	1.687076, 	57.049999
8, 	1.310115, 	61.859997
9, 	1.084713, 	62.789997
10, 	0.970094, 	64.669998
11, 	0.909442, 	66.250000
12, 	0.873636, 	67.080002
13, 	0.848540, 	68.379997
14, 	0.824106, 	69.180000
15, 	0.810651, 	69.580002
16, 	0.791053, 	71.229996
17, 	0.774686, 	72.209999
18, 	0.767139, 	72.080002
19, 	0.752085, 	72.779999
20, 	0.745596, 	73.369995
21, 	0.730029, 	73.979996
22, 	0.726243, 	73.000000
23, 	0.711916, 	74.549995
24, 	0.706665, 	74.669998
25, 	0.703065, 	74.639999
26, 	0.700148, 	73.489998
27, 	0.692120, 	75.449997
28, 	0.683917, 	75.180000
29, 	0.679801, 	75.259995
30, 	0.677098, 	75.209999
31, 	0.676681, 	75.739998
32, 	0.666100, 	75.699997
33, 	0.662939, 	75.909996
34, 	0.664075, 	75.330002
35, 	0.659523, 	76.029999
36, 	0.655258, 	76.220001
37, 	0.653184, 	75.839996
38, 	0.649293, 	76.430000
39, 	0.642465, 	76.459999
40, 	0.642534, 	76.509995
41, 	0.646888, 	75.189995
42, 	0.637361, 	76.729996
43, 	0.634138, 	76.709999
44, 	0.633605, 	76.659996
45, 	0.630245, 	76.930000
46, 	0.627917, 	77.479996
47, 	0.622838, 	77.559998
48, 	0.622093, 	77.169998
49, 	0.618207, 	77.199997
50, 	0.615676, 	77.599998
