1, 	2.843219, 	3.030000
2, 	2.299185, 	10.000000
3, 	4.107173, 	9.990000
4, 	2.296676, 	10.000000
5, 	2.407863, 	4.970000
6, 	6.915318, 	2.140000
7, 	2.303013, 	9.950000
8, 	5.062906, 	8.710000
9, 	2.303231, 	16.250000
10, 	2.283991, 	10.009999
11, 	2.500411, 	10.000000
12, 	7.326875, 	10.000000
13, 	3.248061, 	10.000000
14, 	2.245020, 	9.940000
15, 	8.260104, 	10.420000
16, 	8.892109, 	10.000000
17, 	17.041870, 	8.580000
18, 	2.954480, 	2.640000
19, 	2.451497, 	9.880000
20, 	4.622050, 	9.260000
21, 	2.625085, 	10.000000
22, 	2.295247, 	10.889999
23, 	2.193549, 	31.959999
24, 	2.171970, 	33.020000
25, 	4.360701, 	3.670000
26, 	2.835965, 	10.000000
27, 	2.165818, 	16.100000
28, 	3.045882, 	10.000000
29, 	2.834679, 	10.000000
30, 	2.447385, 	10.000000
31, 	1.890882, 	34.299999
32, 	5.840163, 	10.000000
33, 	1.692361, 	33.040001
34, 	2.006346, 	14.830000
35, 	1.840351, 	30.000000
36, 	2.074606, 	27.570000
37, 	3.619028, 	9.969999
38, 	3.177812, 	9.800000
39, 	3.239371, 	9.940000
40, 	2.318110, 	21.660000
41, 	3.267980, 	10.000000
42, 	22.276521, 	9.960000
43, 	21.332952, 	10.020000
44, 	8.099018, 	9.620000
45, 	24.036838, 	10.080000
46, 	2.218682, 	17.189999
47, 	3.980836, 	19.920000
48, 	34.173170, 	9.820000
49, 	31.095919, 	9.990000
50, 	11.704082, 	15.240000
