1, 	5.899335, 	10.090000
2, 	2.282327, 	10.150000
3, 	12.883765, 	10.090000
4, 	2.260666, 	15.849999
5, 	8.713155, 	10.090000
6, 	57.578808, 	10.090000
7, 	5.320320, 	10.090000
8, 	86.862416, 	10.090000
9, 	9.494752, 	11.349999
10, 	10.720627, 	22.029999
11, 	92.196608, 	10.090000
12, 	226.082991, 	10.090000
13, 	60.220602, 	10.090000
14, 	14.428031, 	10.120000
15, 	206.076097, 	10.090000
16, 	191.609479, 	10.090000
17, 	200.951353, 	10.090000
18, 	35.028487, 	8.320000
19, 	22.562810, 	3.270000
20, 	179.400371, 	10.090000
21, 	49.521662, 	10.090000
22, 	5.357604, 	10.099999
23, 	5.473348, 	11.830000
24, 	25.401198, 	9.570000
25, 	61.642194, 	7.740000
26, 	192.554087, 	10.090000
27, 	18.480951, 	11.090000
28, 	359.531436, 	10.090000
29, 	82.538347, 	9.800000
30, 	42.080436, 	13.620000
31, 	18.603858, 	24.410000
32, 	188.130971, 	17.750000
33, 	14.888084, 	30.400000
34, 	81.796203, 	23.320000
35, 	22.782808, 	13.130000
36, 	20.750289, 	10.139999
37, 	127.706858, 	11.030000
38, 	251.101288, 	10.090000
39, 	550.339719, 	10.090000
40, 	25.262703, 	10.099999
41, 	143.578965, 	10.090000
42, 	222.011523, 	10.090000
43, 	117.004815, 	10.090000
44, 	18.600852, 	10.099999
45, 	147.524974, 	9.800000
46, 	33.053824, 	9.780000
47, 	69.661226, 	9.800000
48, 	127.987068, 	9.040000
49, 	90.294608, 	9.800000
50, 	15.014998, 	9.550000
