1, 	16.154099, 	10.090000
2, 	2.380204, 	11.410000
3, 	120.634939, 	10.090000
4, 	5.239534, 	13.520000
5, 	161.401536, 	10.090000
6, 	1982.040585, 	10.090000
7, 	658.762593, 	9.110000
8, 	1625.847918, 	9.740000
9, 	294.831320, 	10.099999
10, 	114.708087, 	10.099999
11, 	1595.002610, 	10.099999
12, 	1687.568301, 	10.099999
13, 	3069.573102, 	10.099999
14, 	1993.172816, 	10.280000
15, 	924.271600, 	9.580000
16, 	687.463069, 	11.349999
17, 	228.330822, 	10.280000
18, 	313.865244, 	10.090000
19, 	336.881534, 	10.090000
20, 	388.517086, 	10.090000
21, 	302.111741, 	10.090000
22, 	2173.119166, 	10.090000
23, 	18.791295, 	10.280000
24, 	13.678142, 	10.280000
25, 	12.161677, 	10.280000
26, 	56367.136538, 	10.280000
27, 	11.685670, 	9.740000
28, 	343897.331164, 	9.740000
29, 	12.639639, 	10.280000
30, 	39754.357747, 	10.280000
31, 	13.250758, 	10.280000
32, 	277.520334, 	10.280000
33, 	14.038292, 	10.280000
34, 	74476.972824, 	10.280000
35, 	38.628698, 	10.280000
36, 	9983.760835, 	10.280000
37, 	1879.376208, 	10.280000
38, 	14.203296, 	10.280000
39, 	14.636934, 	10.280000
40, 	42.734914, 	10.280000
41, 	15.372858, 	10.280000
42, 	7494.814159, 	10.280000
43, 	1131.498048, 	10.280000
44, 	1529.187643, 	10.280000
45, 	237.625523, 	10.280000
46, 	10952.516216, 	10.280000
47, 	15.685337, 	10.280000
48, 	20.605251, 	10.280000
49, 	16595.973628, 	10.280000
50, 	16.692734, 	10.280000
