1, 	3.375104, 	10.090000
2, 	21.106842, 	10.090000
3, 	37.533631, 	10.090000
4, 	62.022631, 	2.840000
5, 	55.650145, 	3.180000
6, 	40.462356, 	3.770000
7, 	23.747931, 	3.470000
8, 	25.653608, 	1.940000
9, 	21.414118, 	2.000000
10, 	52.890614, 	2.540000
11, 	109.528773, 	10.090000
12, 	29.552790, 	10.090000
13, 	75.400458, 	9.800000
14, 	2.921276, 	10.099999
15, 	10.721620, 	10.099999
16, 	7.742619, 	8.990000
17, 	131.565212, 	9.650000
18, 	3.938515, 	9.740000
19, 	3.795813, 	9.740000
20, 	3.801088, 	9.740000
21, 	838.053220, 	9.740000
22, 	4.672825, 	8.860000
23, 	3.768176, 	8.920000
24, 	3.842345, 	8.920000
25, 	9.904550, 	8.849999
26, 	1533.900162, 	9.740000
27, 	16.337677, 	8.830000
28, 	4.197463, 	8.950000
29, 	3.714962, 	8.920000
30, 	3.873070, 	8.980000
31, 	14.875919, 	10.200000
32, 	6.131499, 	8.820000
33, 	3.747611, 	8.920000
34, 	210.477241, 	11.920000
35, 	4.426207, 	8.940000
36, 	15.228173, 	8.870000
37, 	4.329081, 	8.870000
38, 	102.763996, 	11.710000
39, 	3.647349, 	9.740000
40, 	3.661805, 	9.740000
41, 	28.072826, 	9.740000
42, 	5.976129, 	9.740000
43, 	234.470457, 	9.740000
44, 	4.800297, 	9.740000
45, 	58.982870, 	9.740000
46, 	7.494940, 	9.740000
47, 	1063.200819, 	9.740000
48, 	3.702812, 	9.740000
49, 	5.890380, 	9.740000
50, 	11.881862, 	9.740000
