1, 	2.296813, 	10.000000
2, 	2.286460, 	10.009999
3, 	2.270414, 	16.420000
4, 	2.241624, 	27.049999
5, 	2.179253, 	28.400000
6, 	2.030966, 	30.629999
7, 	1.699733, 	55.289997
8, 	1.320582, 	62.279999
9, 	1.094577, 	62.649998
10, 	0.981573, 	63.209999
11, 	0.914711, 	66.290001
12, 	0.875673, 	67.419998
13, 	0.853510, 	67.519997
14, 	0.828546, 	68.689995
15, 	0.813834, 	69.339996
16, 	0.797596, 	70.320000
17, 	0.781917, 	71.379997
18, 	0.772451, 	72.000000
19, 	0.759466, 	72.320000
20, 	0.746497, 	72.489998
21, 	0.739480, 	72.830002
22, 	0.728343, 	73.689995
23, 	0.729288, 	73.709999
24, 	0.710205, 	73.879997
25, 	0.706953, 	74.650002
26, 	0.699127, 	74.110001
27, 	0.692674, 	74.919998
28, 	0.687515, 	75.110001
29, 	0.684577, 	74.779999
30, 	0.680458, 	75.229996
31, 	0.677383, 	75.360001
32, 	0.670393, 	75.559998
33, 	0.673926, 	75.180000
34, 	0.667115, 	75.699997
35, 	0.664113, 	75.409996
36, 	0.662086, 	75.769997
37, 	0.662284, 	75.129997
38, 	0.656229, 	75.799995
39, 	0.655865, 	76.349998
40, 	0.652321, 	75.869995
41, 	0.645825, 	76.180000
42, 	0.645535, 	76.139999
43, 	0.644262, 	76.199997
44, 	0.642792, 	76.869995
45, 	0.636793, 	76.699997
46, 	0.638154, 	76.509995
47, 	0.640486, 	76.680000
48, 	0.634241, 	76.479996
49, 	0.632487, 	76.739998
50, 	0.628872, 	77.059998
