1, 	2.248507, 	20.889999
2, 	2.138180, 	47.699997
3, 	1.877162, 	69.250000
4, 	1.262962, 	76.759995
5, 	0.768706, 	82.869995
6, 	0.568186, 	86.089996
7, 	0.469289, 	88.029999
8, 	0.417343, 	89.000000
9, 	0.382047, 	89.689995
10, 	0.353599, 	90.099998
11, 	0.338225, 	90.489998
12, 	0.322356, 	90.849998
13, 	0.306294, 	91.360001
14, 	0.293479, 	91.649994
15, 	0.283788, 	91.919998
16, 	0.278086, 	92.139999
17, 	0.266508, 	92.250000
18, 	0.258830, 	92.309998
19, 	0.247221, 	92.989998
20, 	0.236805, 	93.029999
21, 	0.232169, 	93.259995
22, 	0.225161, 	93.430000
23, 	0.223564, 	93.379997
24, 	0.213005, 	93.889999
25, 	0.212363, 	93.699997
26, 	0.199175, 	94.149994
27, 	0.197778, 	94.070000
28, 	0.193486, 	94.189995
29, 	0.188022, 	94.209999
30, 	0.185117, 	94.619995
31, 	0.184295, 	94.579994
32, 	0.177718, 	94.790001
33, 	0.170915, 	94.860001
34, 	0.164306, 	95.110001
35, 	0.163712, 	95.110001
36, 	0.157951, 	95.269997
37, 	0.153936, 	95.449997
38, 	0.151274, 	95.629997
39, 	0.148814, 	95.599998
40, 	0.143293, 	95.720001
41, 	0.144250, 	95.529999
42, 	0.138883, 	95.790001
43, 	0.134956, 	95.790001
44, 	0.134155, 	95.849998
45, 	0.128271, 	96.040001
46, 	0.128067, 	96.040001
47, 	0.128823, 	96.149994
48, 	0.127781, 	96.139999
49, 	0.121899, 	96.349998
50, 	0.119336, 	96.369995
