1, 	2.244269, 	26.320000
2, 	2.135707, 	49.529999
3, 	1.862457, 	70.809998
4, 	1.256055, 	78.290001
5, 	0.768221, 	82.849998
6, 	0.565323, 	86.070000
7, 	0.471547, 	87.610001
8, 	0.416033, 	88.680000
9, 	0.380395, 	89.459999
10, 	0.354771, 	90.000000
11, 	0.333446, 	90.559998
12, 	0.317936, 	90.879997
13, 	0.301770, 	91.279999
14, 	0.289601, 	91.689995
15, 	0.279698, 	92.040001
16, 	0.269509, 	92.339996
17, 	0.257340, 	92.639999
18, 	0.248791, 	92.769997
19, 	0.238241, 	93.229996
20, 	0.231790, 	93.259995
21, 	0.226803, 	93.419998
22, 	0.220951, 	93.589996
23, 	0.212684, 	93.979996
24, 	0.208375, 	93.839996
25, 	0.201642, 	94.220001
26, 	0.194226, 	94.349998
27, 	0.189397, 	94.559998
28, 	0.184890, 	94.579994
29, 	0.181126, 	94.629997
30, 	0.177093, 	94.849998
31, 	0.171019, 	95.099998
32, 	0.166729, 	95.290001
33, 	0.163162, 	95.309998
34, 	0.157575, 	95.439995
35, 	0.154160, 	95.479996
36, 	0.150119, 	95.540001
37, 	0.146970, 	95.599998
38, 	0.144832, 	95.750000
39, 	0.140820, 	95.909996
40, 	0.138029, 	95.930000
41, 	0.135538, 	96.029999
42, 	0.133865, 	95.959999
43, 	0.131790, 	96.059998
44, 	0.127056, 	96.250000
45, 	0.125202, 	96.169998
46, 	0.121475, 	96.309998
47, 	0.119167, 	96.290001
48, 	0.117395, 	96.459999
49, 	0.114121, 	96.489998
50, 	0.112765, 	96.529999
