1, 	2.402173, 	1.530000
2, 	2.487190, 	8.849999
3, 	5.282929, 	8.920000
4, 	34.726231, 	8.920000
5, 	278.794482, 	8.920000
6, 	1955.801368, 	8.920000
7, 	12856.597627, 	8.920000
8, 	73920.131644, 	10.090000
9, 	595906.887819, 	8.920000
10, 	49.424554, 	8.920000
11, 	947149.239963, 	8.920000
12, 	98843.731458, 	8.980000
13, 	260220507.973600, 	8.920000
14, 	1435.714277, 	9.580000
15, 	32802106.146525, 	9.580000
16, 	2663.459120, 	9.580000
17, 	90341230.247369, 	9.580000
18, 	370421511.756825, 	9.580000
19, 	nan, 	9.800000
20, 	nan, 	9.800000
21, 	nan, 	9.800000
22, 	nan, 	9.800000
23, 	nan, 	9.800000
24, 	nan, 	9.800000
25, 	nan, 	9.800000
26, 	nan, 	9.800000
27, 	nan, 	9.800000
28, 	nan, 	9.800000
29, 	nan, 	9.800000
30, 	nan, 	9.800000
31, 	nan, 	9.800000
32, 	nan, 	9.800000
33, 	nan, 	9.800000
34, 	nan, 	9.800000
35, 	nan, 	9.800000
36, 	nan, 	9.800000
37, 	nan, 	9.800000
38, 	nan, 	9.800000
39, 	nan, 	9.800000
40, 	nan, 	9.800000
41, 	nan, 	9.800000
42, 	nan, 	9.800000
43, 	nan, 	9.800000
44, 	nan, 	9.800000
45, 	nan, 	9.800000
46, 	nan, 	9.800000
47, 	nan, 	9.800000
48, 	nan, 	9.800000
49, 	nan, 	9.800000
50, 	nan, 	9.800000
