1, 	2.246413, 	23.889999
2, 	2.144740, 	53.629997
3, 	1.888317, 	68.559998
4, 	1.299274, 	77.239998
5, 	0.787327, 	83.079994
6, 	0.576851, 	86.099998
7, 	0.474537, 	87.879997
8, 	0.416957, 	88.949997
9, 	0.385296, 	89.189995
10, 	0.358142, 	89.579994
11, 	0.334232, 	90.189995
12, 	0.317029, 	90.959999
13, 	0.305353, 	91.159996
14, 	0.289630, 	91.720001
15, 	0.282463, 	91.860001
16, 	0.271645, 	92.089996
17, 	0.261735, 	92.459999
18, 	0.256068, 	92.619995
19, 	0.248043, 	92.799995
20, 	0.236902, 	93.169998
21, 	0.228088, 	93.439995
22, 	0.222873, 	93.579994
23, 	0.217228, 	93.529999
24, 	0.213453, 	93.849998
25, 	0.210920, 	94.019997
26, 	0.198546, 	94.229996
27, 	0.193594, 	94.349998
28, 	0.188870, 	94.430000
29, 	0.185729, 	94.570000
30, 	0.183012, 	94.649994
31, 	0.176608, 	94.769997
32, 	0.170866, 	94.959999
33, 	0.166861, 	94.849998
34, 	0.163546, 	95.220001
35, 	0.160862, 	95.250000
36, 	0.157019, 	95.290001
37, 	0.151609, 	95.599998
38, 	0.149370, 	95.540001
39, 	0.146847, 	95.579994
40, 	0.146077, 	95.549995
41, 	0.142477, 	95.739998
42, 	0.140449, 	95.829994
43, 	0.137891, 	95.869995
44, 	0.134163, 	95.899994
45, 	0.132530, 	95.970001
46, 	0.131572, 	96.079994
47, 	0.128712, 	96.119995
48, 	0.126046, 	96.250000
49, 	0.124291, 	96.269997
50, 	0.122615, 	96.149994
