1, 	2.248437, 	26.580000
2, 	2.145745, 	45.449997
3, 	1.892232, 	68.689995
4, 	1.315227, 	78.389999
5, 	0.796224, 	82.970001
6, 	0.581741, 	86.259995
7, 	0.479495, 	87.799995
8, 	0.422394, 	88.629997
9, 	0.384826, 	89.290001
10, 	0.357566, 	89.989998
11, 	0.338053, 	90.349998
12, 	0.321088, 	90.979996
13, 	0.303211, 	91.389999
14, 	0.292042, 	91.559998
15, 	0.279370, 	92.000000
16, 	0.270181, 	92.059998
17, 	0.263672, 	92.369995
18, 	0.254378, 	92.559998
19, 	0.245294, 	93.049995
20, 	0.234907, 	93.259995
21, 	0.231149, 	93.409996
22, 	0.223601, 	93.540001
23, 	0.216712, 	93.739998
24, 	0.212051, 	93.689995
25, 	0.204784, 	94.000000
26, 	0.200675, 	94.139999
27, 	0.193691, 	94.409996
28, 	0.189404, 	94.489998
29, 	0.184551, 	94.669998
30, 	0.184588, 	94.639999
31, 	0.174950, 	94.919998
32, 	0.170316, 	95.110001
33, 	0.167589, 	95.169998
34, 	0.163779, 	95.220001
35, 	0.163651, 	95.119995
36, 	0.155820, 	95.519997
37, 	0.151630, 	95.649994
38, 	0.147940, 	95.680000
39, 	0.143919, 	95.739998
40, 	0.140365, 	95.750000
41, 	0.138612, 	95.930000
42, 	0.137085, 	96.029999
43, 	0.134195, 	95.909996
44, 	0.131720, 	96.110001
45, 	0.129962, 	96.070000
46, 	0.127965, 	96.169998
47, 	0.126269, 	96.199997
48, 	0.122179, 	96.329994
49, 	0.119959, 	96.399994
50, 	0.119918, 	96.290001
