1, 	2.306979, 	11.150000
2, 	2.257696, 	17.500000
3, 	2.233688, 	31.449999
4, 	2.173015, 	49.180000
5, 	2.094524, 	56.739998
6, 	1.968682, 	64.750000
7, 	1.674397, 	73.129997
8, 	1.463576, 	77.189995
9, 	1.166498, 	80.379997
10, 	1.180516, 	79.019997
11, 	1.208573, 	77.779999
12, 	0.999544, 	82.349998
13, 	0.868751, 	81.400002
14, 	0.856737, 	76.769997
15, 	0.894184, 	83.919998
16, 	0.991072, 	82.739998
17, 	0.813186, 	84.320000
18, 	0.748168, 	81.299995
19, 	0.576645, 	86.389999
20, 	0.528929, 	85.339996
21, 	0.452074, 	87.579994
22, 	0.664646, 	80.220001
23, 	0.411623, 	87.239998
24, 	0.403720, 	87.459999
25, 	0.351123, 	89.339996
26, 	0.378477, 	88.589996
27, 	0.452125, 	85.869995
28, 	0.489668, 	85.479996
29, 	0.524006, 	84.150002
30, 	0.339817, 	89.809998
31, 	0.354544, 	89.199997
32, 	0.599677, 	84.419998
33, 	0.544752, 	87.430000
34, 	0.888199, 	78.779999
35, 	0.812144, 	83.860001
36, 	1.903152, 	68.000000
37, 	0.796708, 	83.799995
38, 	0.722341, 	86.400002
39, 	1.378002, 	79.339996
40, 	0.691744, 	88.409996
41, 	1.152031, 	82.250000
42, 	2.129734, 	78.570000
43, 	3.429197, 	70.479996
44, 	4.290839, 	69.279999
45, 	1.652634, 	85.809998
46, 	2.340847, 	80.669998
47, 	3.486187, 	75.479996
48, 	2.043564, 	81.860001
49, 	12.881159, 	57.209999
50, 	18.899856, 	51.820000
