1, 	2.244423, 	26.269999
2, 	2.136237, 	50.599998
3, 	1.864109, 	71.180000
4, 	1.260334, 	78.189995
5, 	0.771394, 	82.759995
6, 	0.566353, 	86.110001
7, 	0.472151, 	87.559998
8, 	0.416581, 	88.680000
9, 	0.381173, 	89.430000
10, 	0.354813, 	89.989998
11, 	0.333874, 	90.599998
12, 	0.318589, 	90.860001
13, 	0.301630, 	91.220001
14, 	0.289711, 	91.720001
15, 	0.280147, 	91.970001
16, 	0.269813, 	92.229996
17, 	0.258131, 	92.599998
18, 	0.249272, 	92.779999
19, 	0.239114, 	93.070000
20, 	0.232965, 	93.209999
21, 	0.228300, 	93.409996
22, 	0.222193, 	93.570000
23, 	0.214112, 	93.970001
24, 	0.209846, 	93.829994
25, 	0.203270, 	94.089996
26, 	0.195452, 	94.229996
27, 	0.190904, 	94.509995
28, 	0.186560, 	94.500000
29, 	0.182355, 	94.599998
30, 	0.178480, 	94.820000
31, 	0.172251, 	95.040001
32, 	0.168012, 	95.250000
33, 	0.164659, 	95.290001
34, 	0.158922, 	95.449997
35, 	0.155220, 	95.500000
36, 	0.151327, 	95.529999
37, 	0.148493, 	95.570000
38, 	0.145760, 	95.779999
39, 	0.142499, 	95.839996
40, 	0.139401, 	95.860001
41, 	0.136995, 	96.000000
42, 	0.135354, 	95.939995
43, 	0.133018, 	96.079994
44, 	0.128263, 	96.220001
45, 	0.126199, 	96.089996
46, 	0.122637, 	96.269997
47, 	0.120366, 	96.299995
48, 	0.118627, 	96.379997
49, 	0.115397, 	96.459999
50, 	0.114091, 	96.500000
