1, 	2.251044, 	23.240000
2, 	2.157621, 	44.599998
3, 	1.930758, 	68.799995
4, 	1.401352, 	76.330002
5, 	0.853007, 	81.809998
6, 	0.614645, 	84.989998
7, 	0.496167, 	87.489998
8, 	0.437311, 	88.220001
9, 	0.393393, 	89.199997
10, 	0.365399, 	89.799995
11, 	0.347224, 	90.290001
12, 	0.328255, 	90.649994
13, 	0.310076, 	91.199997
14, 	0.296438, 	91.439995
15, 	0.287001, 	91.699997
16, 	0.277663, 	91.989998
17, 	0.264698, 	92.479996
18, 	0.252546, 	92.779999
19, 	0.246557, 	92.829994
20, 	0.242291, 	92.930000
21, 	0.230435, 	93.360001
22, 	0.224775, 	93.489998
23, 	0.220921, 	93.610001
24, 	0.214128, 	93.729996
25, 	0.207871, 	93.849998
26, 	0.203373, 	93.979996
27, 	0.198303, 	94.180000
28, 	0.194926, 	94.379997
29, 	0.187598, 	94.559998
30, 	0.182501, 	94.649994
31, 	0.181306, 	94.669998
32, 	0.174535, 	94.869995
33, 	0.169610, 	95.049995
34, 	0.165909, 	95.099998
35, 	0.162370, 	95.209999
36, 	0.158174, 	95.250000
37, 	0.156365, 	95.430000
38, 	0.151080, 	95.599998
39, 	0.148421, 	95.610001
40, 	0.147780, 	95.610001
41, 	0.141810, 	95.729996
42, 	0.140944, 	95.790001
43, 	0.137294, 	96.070000
44, 	0.137905, 	95.899994
45, 	0.132930, 	96.019997
46, 	0.133671, 	95.949997
47, 	0.127549, 	96.149994
48, 	0.126986, 	96.250000
49, 	0.122995, 	96.209999
50, 	0.123408, 	96.320000
