1, 	2.245355, 	24.180000
2, 	2.141833, 	59.289997
3, 	1.872128, 	72.250000
4, 	1.265022, 	74.930000
5, 	0.777483, 	82.430000
6, 	0.570469, 	85.989998
7, 	0.479591, 	87.139999
8, 	0.422329, 	88.589996
9, 	0.384409, 	89.269997
10, 	0.363677, 	89.610001
11, 	0.343827, 	89.909996
12, 	0.320473, 	90.829994
13, 	0.308139, 	91.250000
14, 	0.291043, 	91.729996
15, 	0.288616, 	91.669998
16, 	0.271830, 	92.070000
17, 	0.260566, 	92.259995
18, 	0.260627, 	92.589996
19, 	0.245548, 	93.000000
20, 	0.239083, 	93.149994
21, 	0.229822, 	93.489998
22, 	0.227050, 	93.409996
23, 	0.215444, 	93.649994
24, 	0.206533, 	93.970001
25, 	0.215043, 	93.799995
26, 	0.200451, 	94.129997
27, 	0.191481, 	94.439995
28, 	0.190527, 	94.470001
29, 	0.184124, 	94.519997
30, 	0.182517, 	94.629997
31, 	0.180230, 	94.790001
32, 	0.167354, 	95.019997
33, 	0.165510, 	94.939995
34, 	0.162900, 	94.959999
35, 	0.156282, 	95.320000
36, 	0.150683, 	95.489998
37, 	0.147363, 	95.669998
38, 	0.148147, 	95.649994
39, 	0.147925, 	95.629997
40, 	0.143450, 	95.729996
41, 	0.140309, 	95.629997
42, 	0.135943, 	95.849998
43, 	0.134387, 	95.970001
44, 	0.132325, 	95.909996
45, 	0.129620, 	96.079994
46, 	0.127126, 	96.149994
47, 	0.123650, 	96.329994
48, 	0.119094, 	96.369995
49, 	0.122713, 	96.320000
50, 	0.115829, 	96.470001
