1, 	2.249544, 	21.439999
2, 	2.152712, 	53.279999
3, 	1.912240, 	67.750000
4, 	1.350636, 	77.330002
5, 	0.818004, 	82.829994
6, 	0.594572, 	86.089996
7, 	0.487380, 	87.680000
8, 	0.426109, 	88.820000
9, 	0.391988, 	89.250000
10, 	0.364155, 	89.650002
11, 	0.341310, 	90.159996
12, 	0.323954, 	90.849998
13, 	0.311740, 	91.089996
14, 	0.295953, 	91.619995
15, 	0.287400, 	91.820000
16, 	0.278296, 	92.129997
17, 	0.267279, 	92.389999
18, 	0.260933, 	92.649994
19, 	0.255112, 	92.720001
20, 	0.243262, 	93.099998
21, 	0.235234, 	93.379997
22, 	0.229950, 	93.599998
23, 	0.223474, 	93.489998
24, 	0.218112, 	93.809998
25, 	0.216875, 	93.809998
26, 	0.206009, 	94.059998
27, 	0.201079, 	94.239998
28, 	0.197848, 	94.320000
29, 	0.194268, 	94.470001
30, 	0.191472, 	94.459999
31, 	0.187363, 	94.529999
32, 	0.181105, 	94.669998
33, 	0.178258, 	94.750000
34, 	0.175941, 	94.889999
35, 	0.172474, 	94.959999
36, 	0.167860, 	95.099998
37, 	0.163317, 	95.259995
38, 	0.159392, 	95.299995
39, 	0.158144, 	95.279999
40, 	0.157487, 	95.259995
41, 	0.153969, 	95.409996
42, 	0.150495, 	95.459999
43, 	0.150173, 	95.419998
44, 	0.145854, 	95.639999
45, 	0.143933, 	95.759995
46, 	0.144260, 	95.790001
47, 	0.140474, 	95.689995
48, 	0.137673, 	95.879997
49, 	0.136334, 	95.939995
50, 	0.133893, 	95.939995
