1, 	2.250507, 	22.049999
2, 	2.152062, 	45.139999
3, 	1.913232, 	68.430000
4, 	1.349309, 	75.979996
5, 	0.823155, 	82.089996
6, 	0.592134, 	85.589996
7, 	0.486985, 	87.879997
8, 	0.428544, 	88.650002
9, 	0.390617, 	89.449997
10, 	0.359927, 	89.889999
11, 	0.339954, 	90.439995
12, 	0.324600, 	90.699997
13, 	0.306787, 	91.149994
14, 	0.291671, 	91.729996
15, 	0.283166, 	91.959999
16, 	0.274618, 	92.290001
17, 	0.262965, 	92.399994
18, 	0.254933, 	92.540001
19, 	0.244249, 	93.079994
20, 	0.236146, 	93.269997
21, 	0.231461, 	93.329994
22, 	0.224905, 	93.540001
23, 	0.219246, 	93.629997
24, 	0.211466, 	93.899994
25, 	0.207255, 	94.040001
26, 	0.198882, 	94.180000
27, 	0.195007, 	94.239998
28, 	0.191642, 	94.309998
29, 	0.182734, 	94.599998
30, 	0.182240, 	94.589996
31, 	0.181209, 	94.820000
32, 	0.173834, 	95.000000
33, 	0.167990, 	94.959999
34, 	0.163341, 	95.250000
35, 	0.162154, 	95.259995
36, 	0.158915, 	95.320000
37, 	0.152850, 	95.559998
38, 	0.149622, 	95.599998
39, 	0.146891, 	95.720001
40, 	0.142517, 	95.839996
41, 	0.141788, 	95.610001
42, 	0.138430, 	95.860001
43, 	0.135001, 	95.930000
44, 	0.133210, 	95.930000
45, 	0.131290, 	96.040001
46, 	0.128803, 	96.169998
47, 	0.128428, 	96.189995
48, 	0.125123, 	96.220001
49, 	0.123353, 	96.309998
50, 	0.119824, 	96.389999
