1, 	2.307138, 	11.219999
2, 	2.297303, 	13.719999
3, 	2.307805, 	11.370000
4, 	2.307612, 	11.000000
5, 	2.346131, 	4.510000
6, 	2.339617, 	4.230000
7, 	2.306691, 	11.450000
8, 	2.314110, 	8.929999
9, 	2.300944, 	12.530000
10, 	2.306250, 	12.559999
11, 	2.348877, 	4.930000
12, 	2.412641, 	5.170000
13, 	2.401661, 	4.800000
14, 	2.564559, 	7.130000
15, 	2.705979, 	8.730000
16, 	2.885739, 	8.880000
17, 	2.780873, 	8.840000
18, 	2.762616, 	7.770000
19, 	2.804705, 	8.610000
20, 	2.765532, 	8.380000
21, 	2.933486, 	8.809999
22, 	2.786605, 	8.700000
23, 	2.950931, 	8.160000
24, 	3.429075, 	8.870000
25, 	3.559146, 	6.200000
26, 	3.979307, 	3.400000
27, 	3.151417, 	5.960000
28, 	2.257037, 	10.530000
29, 	3.129327, 	8.120000
30, 	3.163763, 	10.410000
31, 	2.408575, 	13.570000
32, 	2.186748, 	15.049999
33, 	1.883091, 	39.320000
34, 	1.859031, 	33.969997
35, 	1.461961, 	58.859997
36, 	1.350022, 	59.889999
37, 	2.042569, 	35.070000
38, 	1.941587, 	31.230000
39, 	2.398571, 	25.269999
40, 	9.839082, 	12.110000
41, 	24.998139, 	8.910000
42, 	31.979755, 	8.920000
43, 	27.439566, 	9.070000
44, 	29.160182, 	10.540000
45, 	51.157715, 	8.920000
46, 	101.685636, 	8.870000
47, 	169.277161, 	15.309999
48, 	431.104056, 	11.480000
49, 	377.484397, 	10.740000
50, 	902.447461, 	8.910000
