1, 	2.249120, 	26.719999
2, 	2.147627, 	43.969997
3, 	1.899340, 	68.049995
4, 	1.329671, 	78.220001
5, 	0.804897, 	82.769997
6, 	0.586232, 	86.110001
7, 	0.482142, 	87.779999
8, 	0.424828, 	88.659996
9, 	0.386839, 	89.349998
10, 	0.359160, 	90.019997
11, 	0.339981, 	90.400002
12, 	0.322177, 	90.899994
13, 	0.304106, 	91.430000
14, 	0.293019, 	91.500000
15, 	0.279864, 	92.029999
16, 	0.270181, 	92.149994
17, 	0.263693, 	92.399994
18, 	0.254336, 	92.579994
19, 	0.245238, 	92.959999
20, 	0.235074, 	93.239998
21, 	0.230895, 	93.509995
22, 	0.223015, 	93.589996
23, 	0.216404, 	93.709999
24, 	0.210887, 	93.750000
25, 	0.204235, 	94.000000
26, 	0.200250, 	94.149994
27, 	0.193254, 	94.479996
28, 	0.188520, 	94.559998
29, 	0.183587, 	94.680000
30, 	0.183027, 	94.629997
31, 	0.173711, 	95.000000
32, 	0.169194, 	95.139999
33, 	0.166472, 	95.169998
34, 	0.162845, 	95.250000
35, 	0.162384, 	95.169998
36, 	0.154639, 	95.549995
37, 	0.150524, 	95.709999
38, 	0.147112, 	95.739998
39, 	0.142940, 	95.759995
40, 	0.139816, 	95.790001
41, 	0.137947, 	95.909996
42, 	0.136277, 	96.070000
43, 	0.133270, 	95.959999
44, 	0.130817, 	96.180000
45, 	0.129218, 	96.059998
46, 	0.126900, 	96.180000
47, 	0.125339, 	96.199997
48, 	0.121264, 	96.329994
49, 	0.118942, 	96.479996
50, 	0.118207, 	96.389999
