1, 	2.245568, 	20.359999
2, 	2.139340, 	54.590000
3, 	1.866100, 	65.430000
4, 	1.269419, 	78.930000
5, 	0.767885, 	83.070000
6, 	0.570823, 	86.579994
7, 	0.477112, 	87.820000
8, 	0.418581, 	88.779999
9, 	0.381589, 	89.489998
10, 	0.358056, 	90.000000
11, 	0.344066, 	90.159996
12, 	0.317447, 	90.729996
13, 	0.306887, 	91.360001
14, 	0.289676, 	91.680000
15, 	0.278129, 	91.909996
16, 	0.267514, 	92.269997
17, 	0.259108, 	92.610001
18, 	0.256050, 	92.829994
19, 	0.244597, 	93.029999
20, 	0.235130, 	93.159996
21, 	0.228514, 	93.589996
22, 	0.220206, 	93.389999
23, 	0.218923, 	93.589996
24, 	0.210439, 	93.919998
25, 	0.206701, 	93.930000
26, 	0.200836, 	93.970001
27, 	0.195369, 	94.299995
28, 	0.191467, 	94.479996
29, 	0.182171, 	94.599998
30, 	0.180402, 	94.860001
31, 	0.174498, 	94.739998
32, 	0.168417, 	95.070000
33, 	0.171550, 	95.059998
34, 	0.162943, 	95.369995
35, 	0.160993, 	95.329994
36, 	0.156016, 	95.430000
37, 	0.149487, 	95.659996
38, 	0.143216, 	95.879997
39, 	0.139528, 	95.820000
40, 	0.136917, 	96.040001
41, 	0.135115, 	96.009995
42, 	0.137383, 	95.919998
43, 	0.131086, 	96.110001
44, 	0.130789, 	96.089996
45, 	0.128459, 	96.110001
46, 	0.128554, 	96.259995
47, 	0.128815, 	96.079994
48, 	0.123947, 	96.110001
49, 	0.117615, 	96.489998
50, 	0.120275, 	96.329994
