1, 	2.247126, 	24.619999
2, 	2.142454, 	51.549999
3, 	1.878511, 	67.939995
4, 	1.290008, 	78.659996
5, 	0.781699, 	83.009995
6, 	0.574069, 	86.389999
7, 	0.475260, 	87.860001
8, 	0.419063, 	88.540001
9, 	0.381252, 	89.379997
10, 	0.355208, 	90.079994
11, 	0.335549, 	90.259995
12, 	0.318703, 	90.930000
13, 	0.301637, 	91.309998
14, 	0.291162, 	91.470001
15, 	0.277830, 	92.079994
16, 	0.268973, 	92.139999
17, 	0.260115, 	92.409996
18, 	0.254739, 	92.449997
19, 	0.245736, 	92.879997
20, 	0.235762, 	93.250000
21, 	0.231359, 	93.489998
22, 	0.227815, 	93.290001
23, 	0.217281, 	93.699997
24, 	0.214024, 	93.720001
25, 	0.205884, 	93.959999
26, 	0.201378, 	94.059998
27, 	0.195152, 	94.299995
28, 	0.191260, 	94.459999
29, 	0.188235, 	94.599998
30, 	0.189432, 	94.449997
31, 	0.177990, 	94.809998
32, 	0.171824, 	95.059998
33, 	0.170383, 	95.149994
34, 	0.165518, 	95.070000
35, 	0.165982, 	95.000000
36, 	0.158815, 	95.459999
37, 	0.153775, 	95.570000
38, 	0.149620, 	95.699997
39, 	0.145430, 	95.750000
40, 	0.142506, 	95.739998
41, 	0.139906, 	95.899994
42, 	0.139405, 	96.040001
43, 	0.135561, 	95.930000
44, 	0.132954, 	96.159996
45, 	0.132945, 	95.949997
46, 	0.130200, 	96.059998
47, 	0.127025, 	96.159996
48, 	0.123711, 	96.239998
49, 	0.121165, 	96.290001
50, 	0.122087, 	96.139999
