1, 	2.249181, 	24.420000
2, 	2.153442, 	46.219997
3, 	1.918837, 	69.449997
4, 	1.367982, 	76.040001
5, 	0.834186, 	81.509995
6, 	0.609479, 	84.959999
7, 	0.493729, 	87.639999
8, 	0.436101, 	88.159996
9, 	0.392834, 	89.139999
10, 	0.367190, 	89.559998
11, 	0.350436, 	90.159996
12, 	0.332284, 	90.409996
13, 	0.311161, 	91.029999
14, 	0.296519, 	91.449997
15, 	0.290058, 	91.599998
16, 	0.279957, 	91.919998
17, 	0.266455, 	92.439995
18, 	0.253948, 	92.689995
19, 	0.248044, 	92.769997
20, 	0.243747, 	92.919998
21, 	0.233976, 	93.369995
22, 	0.230216, 	93.279999
23, 	0.223210, 	93.519997
24, 	0.216682, 	93.639999
25, 	0.210284, 	93.729996
26, 	0.206672, 	94.000000
27, 	0.202240, 	94.290001
28, 	0.200453, 	94.290001
29, 	0.191511, 	94.360001
30, 	0.185613, 	94.599998
31, 	0.186141, 	94.459999
32, 	0.178110, 	94.680000
33, 	0.174008, 	94.839996
34, 	0.168037, 	95.019997
35, 	0.164029, 	95.180000
36, 	0.161267, 	95.159996
37, 	0.161669, 	95.079994
38, 	0.156977, 	95.339996
39, 	0.151091, 	95.449997
40, 	0.150392, 	95.500000
41, 	0.145703, 	95.610001
42, 	0.145063, 	95.659996
43, 	0.139796, 	95.839996
44, 	0.142305, 	95.899994
45, 	0.139397, 	95.790001
46, 	0.137024, 	95.879997
47, 	0.132379, 	96.049995
48, 	0.130056, 	96.049995
49, 	0.126118, 	96.019997
50, 	0.127465, 	96.209999
