1, 	2.248506, 	20.910000
2, 	2.145535, 	46.639999
3, 	1.890975, 	68.540001
4, 	1.311809, 	76.650002
5, 	0.799882, 	82.699997
6, 	0.579904, 	85.860001
7, 	0.479009, 	88.159996
8, 	0.423889, 	88.729996
9, 	0.387026, 	89.669998
10, 	0.356869, 	89.820000
11, 	0.337653, 	90.559998
12, 	0.324462, 	90.820000
13, 	0.307870, 	91.339996
14, 	0.294342, 	91.639999
15, 	0.287763, 	91.759995
16, 	0.276965, 	92.110001
17, 	0.266951, 	92.279999
18, 	0.259460, 	92.250000
19, 	0.247769, 	92.959999
20, 	0.238438, 	92.889999
21, 	0.235335, 	93.129997
22, 	0.227979, 	93.299995
23, 	0.224288, 	93.339996
24, 	0.214369, 	93.839996
25, 	0.213218, 	93.619995
26, 	0.200844, 	94.019997
27, 	0.198784, 	94.089996
28, 	0.195608, 	94.269997
29, 	0.186044, 	94.369995
30, 	0.187357, 	94.639999
31, 	0.183571, 	94.579994
32, 	0.178168, 	94.799995
33, 	0.173258, 	94.799995
34, 	0.166847, 	95.079994
35, 	0.167811, 	94.989998
36, 	0.162356, 	95.119995
37, 	0.157597, 	95.389999
38, 	0.154433, 	95.489998
39, 	0.150256, 	95.589996
40, 	0.145622, 	95.720001
41, 	0.144259, 	95.659996
42, 	0.143277, 	95.639999
43, 	0.139570, 	95.779999
44, 	0.137807, 	95.739998
45, 	0.136539, 	95.860001
46, 	0.132510, 	95.970001
47, 	0.133080, 	96.070000
48, 	0.130250, 	96.129997
49, 	0.124794, 	96.309998
50, 	0.124366, 	96.290001
