1, 	2.245158, 	26.139999
2, 	2.140475, 	59.449997
3, 	1.878209, 	66.419998
4, 	1.276051, 	76.820000
5, 	0.773678, 	82.699997
6, 	0.571230, 	85.970001
7, 	0.475593, 	87.839996
8, 	0.423594, 	88.400002
9, 	0.386453, 	88.930000
10, 	0.358939, 	89.869995
11, 	0.336301, 	90.150002
12, 	0.316753, 	90.849998
13, 	0.309577, 	90.809998
14, 	0.297902, 	91.279999
15, 	0.290040, 	91.759995
16, 	0.272849, 	92.189995
17, 	0.260585, 	92.509995
18, 	0.251087, 	92.669998
19, 	0.237993, 	93.180000
20, 	0.235090, 	93.250000
21, 	0.231501, 	93.299995
22, 	0.229357, 	93.369995
23, 	0.217308, 	93.699997
24, 	0.212653, 	93.739998
25, 	0.205225, 	93.939995
26, 	0.195533, 	94.389999
27, 	0.192603, 	94.430000
28, 	0.190171, 	94.320000
29, 	0.183145, 	94.659996
30, 	0.177930, 	94.739998
31, 	0.173096, 	95.049995
32, 	0.173346, 	94.930000
33, 	0.167325, 	95.040001
34, 	0.162642, 	95.070000
35, 	0.156558, 	95.329994
36, 	0.155249, 	95.189995
37, 	0.150027, 	95.509995
38, 	0.151333, 	95.379997
39, 	0.143409, 	95.820000
40, 	0.142893, 	95.689995
41, 	0.141572, 	95.860001
42, 	0.137592, 	95.869995
43, 	0.137914, 	95.769997
44, 	0.130853, 	96.099998
45, 	0.129762, 	95.970001
46, 	0.125915, 	96.320000
47, 	0.119787, 	96.500000
48, 	0.122324, 	96.309998
49, 	0.118401, 	96.379997
50, 	0.113645, 	96.579994
