1, 	2.244269, 	26.330000
2, 	2.135683, 	49.539997
3, 	1.862435, 	70.820000
4, 	1.256124, 	78.269997
5, 	0.768270, 	82.860001
6, 	0.565350, 	86.099998
7, 	0.471543, 	87.610001
8, 	0.416015, 	88.729996
9, 	0.380404, 	89.470001
10, 	0.354788, 	90.009995
11, 	0.333453, 	90.540001
12, 	0.317929, 	90.879997
13, 	0.301750, 	91.269997
14, 	0.289608, 	91.689995
15, 	0.279661, 	92.049995
16, 	0.269452, 	92.329994
17, 	0.257325, 	92.629997
18, 	0.248727, 	92.799995
19, 	0.238202, 	93.229996
20, 	0.231725, 	93.279999
21, 	0.226761, 	93.449997
22, 	0.220926, 	93.599998
23, 	0.212700, 	93.970001
24, 	0.208458, 	93.849998
25, 	0.201647, 	94.189995
26, 	0.194216, 	94.360001
27, 	0.189372, 	94.500000
28, 	0.184832, 	94.579994
29, 	0.181021, 	94.629997
30, 	0.176967, 	94.839996
31, 	0.170928, 	95.099998
32, 	0.166639, 	95.290001
33, 	0.163132, 	95.309998
34, 	0.157515, 	95.430000
35, 	0.154067, 	95.519997
36, 	0.150090, 	95.540001
37, 	0.146912, 	95.610001
38, 	0.144731, 	95.750000
39, 	0.140694, 	95.889999
40, 	0.137984, 	95.949997
41, 	0.135476, 	96.049995
42, 	0.133824, 	95.959999
43, 	0.131749, 	96.059998
44, 	0.126964, 	96.229996
45, 	0.125151, 	96.139999
46, 	0.121405, 	96.299995
47, 	0.119123, 	96.290001
48, 	0.117383, 	96.449997
49, 	0.114155, 	96.509995
50, 	0.112743, 	96.529999
