1, 	2.249014, 	22.330000
2, 	2.150976, 	53.419998
3, 	1.907444, 	67.919998
4, 	1.338691, 	77.309998
5, 	0.809583, 	82.889999
6, 	0.588970, 	86.220001
7, 	0.483255, 	87.720001
8, 	0.423287, 	88.919998
9, 	0.389540, 	89.250000
10, 	0.362324, 	89.639999
11, 	0.339529, 	90.180000
12, 	0.321925, 	90.919998
13, 	0.310493, 	91.029999
14, 	0.294149, 	91.629997
15, 	0.286060, 	91.799995
16, 	0.276781, 	92.079994
17, 	0.265886, 	92.339996
18, 	0.260035, 	92.669998
19, 	0.253660, 	92.709999
20, 	0.241583, 	93.119995
21, 	0.233152, 	93.399994
22, 	0.228221, 	93.589996
23, 	0.221383, 	93.570000
24, 	0.216726, 	93.820000
25, 	0.215346, 	93.820000
26, 	0.204003, 	94.099998
27, 	0.199230, 	94.309998
28, 	0.195700, 	94.329994
29, 	0.192389, 	94.489998
30, 	0.189586, 	94.549995
31, 	0.184533, 	94.610001
32, 	0.178486, 	94.799995
33, 	0.175281, 	94.799995
34, 	0.173080, 	94.899994
35, 	0.169116, 	95.000000
36, 	0.164853, 	95.189995
37, 	0.160375, 	95.379997
38, 	0.156062, 	95.399994
39, 	0.154614, 	95.389999
40, 	0.153847, 	95.349998
41, 	0.150497, 	95.540001
42, 	0.147447, 	95.509995
43, 	0.146359, 	95.619995
44, 	0.142465, 	95.750000
45, 	0.140033, 	95.849998
46, 	0.140330, 	95.879997
47, 	0.136631, 	95.839996
48, 	0.133806, 	96.009995
49, 	0.132680, 	96.059998
50, 	0.130580, 	95.979996
