1, 	2.244744, 	27.439999
2, 	2.138254, 	50.840000
3, 	1.870204, 	70.709999
4, 	1.270255, 	78.279999
5, 	0.773248, 	82.829994
6, 	0.568482, 	86.169998
7, 	0.472533, 	87.599998
8, 	0.417765, 	88.549995
9, 	0.382927, 	89.309998
10, 	0.354617, 	90.099998
11, 	0.334148, 	90.540001
12, 	0.319790, 	90.839996
13, 	0.301343, 	91.290001
14, 	0.290387, 	91.680000
15, 	0.280893, 	91.879997
16, 	0.272507, 	92.149994
17, 	0.261667, 	92.500000
18, 	0.250605, 	92.659996
19, 	0.240446, 	92.970001
20, 	0.235512, 	93.110001
21, 	0.230597, 	93.199997
22, 	0.226028, 	93.489998
23, 	0.216557, 	93.820000
24, 	0.213141, 	93.799995
25, 	0.205787, 	93.989998
26, 	0.198220, 	94.169998
27, 	0.192955, 	94.449997
28, 	0.188173, 	94.629997
29, 	0.182403, 	94.669998
30, 	0.180099, 	94.689995
31, 	0.173909, 	94.909996
32, 	0.170320, 	95.129997
33, 	0.166579, 	95.169998
34, 	0.161829, 	95.209999
35, 	0.157180, 	95.329994
36, 	0.152416, 	95.559998
37, 	0.150832, 	95.500000
38, 	0.146737, 	95.689995
39, 	0.145807, 	95.729996
40, 	0.141069, 	95.769997
41, 	0.139825, 	95.809998
42, 	0.137198, 	95.899994
43, 	0.134804, 	96.059998
44, 	0.129668, 	96.099998
45, 	0.127070, 	96.029999
46, 	0.123712, 	96.269997
47, 	0.121799, 	96.220001
48, 	0.119290, 	96.339996
49, 	0.116455, 	96.470001
50, 	0.115186, 	96.399994
