1, 	2.246838, 	20.039999
2, 	2.140408, 	45.719997
3, 	1.872019, 	71.839996
4, 	1.271475, 	72.470001
5, 	0.811993, 	79.610001
6, 	0.592128, 	84.220001
7, 	0.507894, 	85.739998
8, 	0.449164, 	87.269997
9, 	0.414996, 	88.099998
10, 	0.369162, 	89.309998
11, 	0.361560, 	89.549995
12, 	0.340131, 	90.409996
13, 	0.333802, 	90.099998
14, 	0.326478, 	89.869995
15, 	0.301787, 	91.189995
16, 	0.298952, 	91.169998
17, 	0.286672, 	91.309998
18, 	0.291847, 	90.970001
19, 	0.261662, 	92.250000
20, 	0.266049, 	92.110001
21, 	0.240777, 	92.790001
22, 	0.254047, 	92.570000
23, 	0.228369, 	93.049995
24, 	0.226506, 	93.169998
25, 	0.222886, 	93.269997
26, 	0.217123, 	93.680000
27, 	0.229514, 	93.269997
28, 	0.212693, 	93.610001
29, 	0.204258, 	93.869995
30, 	0.206813, 	93.820000
31, 	0.185822, 	94.649994
32, 	0.184029, 	94.549995
33, 	0.178126, 	94.699997
34, 	0.185558, 	94.409996
35, 	0.184026, 	94.489998
36, 	0.180880, 	94.639999
37, 	0.165029, 	95.029999
38, 	0.178664, 	94.689995
39, 	0.151451, 	95.399994
40, 	0.154477, 	95.220001
41, 	0.165474, 	94.739998
42, 	0.151407, 	95.320000
43, 	0.157689, 	94.889999
44, 	0.143020, 	95.680000
45, 	0.137793, 	95.930000
46, 	0.146949, 	95.439995
47, 	0.137016, 	95.959999
48, 	0.134998, 	96.000000
49, 	0.136297, 	95.989998
50, 	0.135478, 	95.919998
