1, 	3.281413, 	10.090000
2, 	2.279092, 	9.580000
3, 	6.371097, 	10.090000
4, 	2.241879, 	19.959999
5, 	11.550236, 	9.800000
6, 	2.114110, 	46.989998
7, 	2.013668, 	50.079998
8, 	1.772244, 	76.199997
9, 	3.595362, 	28.619999
10, 	1.733729, 	76.449997
11, 	3.566207, 	0.690000
12, 	2.433548, 	12.340000
13, 	3.642755, 	2.990000
14, 	3.958555, 	9.800000
15, 	3.177852, 	10.090000
16, 	3.988953, 	0.730000
17, 	2.347898, 	8.940000
18, 	3.181906, 	8.450000
19, 	2.352434, 	7.950000
20, 	2.082343, 	17.189999
21, 	2.429206, 	11.270000
22, 	3.291765, 	15.389999
23, 	5.070002, 	0.350000
24, 	3.542090, 	9.309999
25, 	1.627755, 	45.090000
26, 	1.864751, 	43.930000
27, 	2.648118, 	21.549999
28, 	2.032519, 	25.000000
29, 	12.381872, 	3.110000
30, 	1.744990, 	40.200001
31, 	1.624410, 	50.520000
32, 	1.558524, 	46.619999
33, 	0.830989, 	73.849998
34, 	1.867768, 	48.349998
35, 	1.001575, 	65.189995
36, 	1.845390, 	52.660000
37, 	1.284663, 	60.599998
38, 	0.966460, 	66.589996
39, 	1.555445, 	47.009998
40, 	2.444325, 	32.040001
41, 	1.130734, 	60.389999
42, 	0.486551, 	84.259995
43, 	0.788442, 	76.330002
44, 	0.588841, 	81.199997
45, 	0.650212, 	78.669998
46, 	1.002081, 	64.879997
47, 	0.808008, 	74.629997
48, 	0.585509, 	81.979996
49, 	0.635148, 	78.180000
50, 	0.649218, 	80.129997
