1, 	44.393922, 	10.000000
2, 	770.522758, 	10.000000
3, 	1792.993259, 	10.000000
4, 	349.627455, 	10.000000
5, 	3440.625505, 	10.000000
6, 	633.903981, 	9.099999
7, 	2337.116615, 	9.809999
8, 	118.823439, 	7.530000
9, 	40.341068, 	6.800000
10, 	11205.403107, 	10.000000
11, 	4.008500, 	10.000000
12, 	4.381935, 	10.000000
13, 	8.971077, 	9.809999
14, 	29.516937, 	10.910000
15, 	6.021231, 	9.990000
16, 	3.231504, 	10.000000
17, 	17.931171, 	10.080000
18, 	6.336085, 	9.990000
19, 	5.885294, 	10.050000
20, 	215.743477, 	10.000000
21, 	6.612395, 	10.000000
22, 	5.710942, 	10.000000
23, 	3.542228, 	10.000000
24, 	8.619512, 	10.000000
25, 	3.381489, 	10.000000
26, 	12.624934, 	9.860000
27, 	3.543515, 	9.990000
28, 	5.421774, 	10.000000
29, 	111.348963, 	9.950000
30, 	760.141028, 	9.950000
31, 	3.443967, 	10.000000
32, 	3.450167, 	10.000000
33, 	5.471835, 	10.000000
34, 	23.386150, 	10.000000
35, 	3.809554, 	10.000000
36, 	5.304513, 	10.000000
37, 	29.032497, 	10.000000
38, 	11.089169, 	10.000000
39, 	15.572885, 	10.000000
40, 	4.494988, 	10.000000
41, 	36.587046, 	10.000000
42, 	8579200.412810, 	10.000000
43, 	69056832.668256, 	10.000000
44, 	124959728.487159, 	10.000000
45, 	183516950.531311, 	10.000000
46, 	2.457202, 	10.000000
47, 	456313981.149850, 	10.000000
48, 	1394147018.868171, 	10.000000
49, 	2786722267.408587, 	10.009999
50, 	5851545055.758368, 	10.000000
