1, 	2.244269, 	26.330000
2, 	2.135690, 	49.549999
3, 	1.862439, 	70.809998
4, 	1.256098, 	78.290001
5, 	0.768280, 	82.849998
6, 	0.565364, 	86.089996
7, 	0.471563, 	87.610001
8, 	0.416037, 	88.689995
9, 	0.380410, 	89.459999
10, 	0.354801, 	90.009995
11, 	0.333450, 	90.540001
12, 	0.317965, 	90.879997
13, 	0.299007, 	91.389999
14, 	0.287914, 	91.729996
15, 	0.278296, 	92.040001
16, 	0.268389, 	92.349998
17, 	0.256539, 	92.649994
18, 	0.248023, 	92.829994
19, 	0.237652, 	93.209999
20, 	0.234732, 	93.089996
21, 	0.228079, 	93.389999
22, 	0.222028, 	93.559998
23, 	0.213639, 	93.939995
24, 	0.209238, 	93.839996
25, 	0.202417, 	94.169998
26, 	0.194982, 	94.290001
27, 	0.190056, 	94.519997
28, 	0.185570, 	94.570000
29, 	0.181269, 	94.729996
30, 	0.177721, 	94.849998
31, 	0.171602, 	95.059998
32, 	0.167227, 	95.299995
33, 	0.163709, 	95.320000
34, 	0.159801, 	95.419998
35, 	0.157796, 	95.470001
36, 	0.155283, 	95.489998
37, 	0.151665, 	95.519997
38, 	0.149296, 	95.680000
39, 	0.144839, 	95.720001
40, 	0.141869, 	95.839996
41, 	0.139079, 	95.949997
42, 	0.135293, 	95.949997
43, 	0.135262, 	96.019997
44, 	0.131994, 	96.070000
45, 	0.129457, 	96.070000
46, 	0.125458, 	96.199997
47, 	0.124209, 	96.259995
48, 	0.122500, 	96.329994
49, 	0.120332, 	96.279999
50, 	0.120035, 	96.369995
