1, 	3.224913, 	10.090000
2, 	20.955748, 	10.090000
3, 	35.132425, 	0.750000
4, 	58.056929, 	7.950000
5, 	50.775142, 	3.450000
6, 	36.766549, 	2.980000
7, 	22.443350, 	6.710000
8, 	26.260672, 	6.690000
9, 	25.027121, 	3.760000
10, 	23.682232, 	9.580000
11, 	10.263140, 	10.090000
12, 	387.253138, 	11.349999
13, 	11.034487, 	10.349999
14, 	12.102554, 	7.920000
15, 	4.805538, 	5.690000
16, 	10.709157, 	10.730000
17, 	10.266091, 	9.000000
18, 	14.674404, 	9.480000
19, 	7.783186, 	6.740000
20, 	11.350738, 	7.450000
21, 	27.100330, 	3.800000
22, 	7.912948, 	4.730000
23, 	54.136147, 	11.360000
24, 	14.132164, 	5.850000
25, 	135.620695, 	11.360000
26, 	3.381457, 	9.820000
27, 	3.468508, 	9.820000
28, 	3.457480, 	9.820000
