1, 	5.429977, 	10.000000
2, 	12.364513, 	10.000000
3, 	53.969541, 	10.000000
4, 	6.239230, 	3.780000
5, 	6.101954, 	6.200000
6, 	8.042154, 	9.590000
7, 	8.762874, 	9.750000
8, 	10.431839, 	9.880000
9, 	10.731800, 	9.840000
10, 	15.653595, 	9.860000
11, 	5.640322, 	9.849999
12, 	21.767353, 	9.910000
13, 	1417.255803, 	9.929999
14, 	3.251468, 	10.000000
15, 	2.937279, 	9.960000
16, 	7.439645, 	9.670000
17, 	4.863824, 	11.349999
18, 	2.860742, 	9.770000
19, 	2.632730, 	9.889999
20, 	2.872113, 	9.840000
21, 	5.669089, 	11.940000
22, 	3.196175, 	9.910000
23, 	3.455971, 	10.389999
24, 	3.322501, 	10.050000
25, 	3.652059, 	10.300000
26, 	26.643993, 	12.200000
27, 	2.688160, 	9.969999
28, 	2.462856, 	10.000000
29, 	2.460555, 	10.000000
30, 	184.333984, 	10.000000
31, 	2.560095, 	9.950000
32, 	5.731373, 	11.630000
33, 	10.120896, 	11.170000
34, 	2.476671, 	9.990000
35, 	22.843199, 	11.540000
36, 	754.560724, 	12.860000
37, 	2.457165, 	10.000000
38, 	1203.634975, 	12.309999
39, 	2.649171, 	10.219999
40, 	2.462756, 	10.000000
41, 	2.462654, 	10.000000
42, 	2.469855, 	9.980000
43, 	2.823264, 	10.840000
44, 	1707.334805, 	12.610000
45, 	2.485641, 	10.000000
46, 	2150.271049, 	10.349999
47, 	501.623490, 	10.000000
48, 	2.534627, 	10.000000
49, 	2.895191, 	10.000000
50, 	94.575485, 	10.000000
