1, 	2.296751, 	10.000000
2, 	2.285905, 	10.000000
3, 	2.269220, 	18.129999
4, 	2.238120, 	26.959999
5, 	2.170056, 	29.830000
6, 	2.010187, 	36.079998
7, 	1.658545, 	57.009998
8, 	1.285153, 	58.079998
9, 	1.067856, 	62.410000
10, 	0.998149, 	59.070000
11, 	0.929680, 	63.939999
12, 	0.885288, 	65.169998
13, 	0.892524, 	65.959999
14, 	0.834452, 	68.459999
15, 	0.885919, 	66.729996
16, 	0.799074, 	70.729996
17, 	0.803680, 	69.339996
18, 	0.829914, 	70.239998
19, 	0.787697, 	69.330002
20, 	0.770808, 	71.959999
21, 	0.757719, 	71.519997
22, 	0.761070, 	71.029999
23, 	0.737972, 	73.150002
24, 	0.724642, 	72.769997
25, 	0.733712, 	72.360001
26, 	0.739437, 	73.269997
27, 	0.703986, 	74.889999
28, 	0.694468, 	74.979996
29, 	0.702994, 	73.220001
30, 	0.683894, 	75.159996
31, 	0.695814, 	73.509995
32, 	0.702811, 	73.379997
33, 	0.699341, 	74.080002
34, 	0.685467, 	73.849998
35, 	0.674322, 	75.479996
36, 	0.671946, 	75.150002
37, 	0.663954, 	75.220001
38, 	0.675144, 	75.379997
39, 	0.668673, 	74.349998
40, 	0.659073, 	76.330002
41, 	0.682712, 	75.299995
42, 	0.659693, 	75.449997
43, 	0.648560, 	76.049995
44, 	0.671451, 	74.379997
45, 	0.663496, 	75.059998
46, 	0.643914, 	76.470001
47, 	0.655766, 	76.110001
48, 	0.675568, 	74.470001
49, 	0.634467, 	77.040001
50, 	0.633501, 	76.529999
