1, 	5.578210, 	10.090000
2, 	62.806070, 	10.090000
3, 	168.041655, 	10.090000
4, 	166.968442, 	10.090000
5, 	140.216675, 	4.130000
6, 	182.837579, 	6.140000
7, 	3213.811514, 	10.320000
8, 	63.387796, 	9.800000
9, 	109.453055, 	9.800000
10, 	620.592264, 	9.800000
11, 	6.360994, 	5.640000
12, 	68.943510, 	5.590000
13, 	435.248107, 	9.580000
14, 	725.290975, 	9.580000
15, 	57.295831, 	9.500000
16, 	384.746008, 	9.580000
17, 	192.588680, 	9.570000
18, 	65.140166, 	8.620000
19, 	688.731846, 	3.960000
20, 	118.936996, 	9.059999
21, 	14.716876, 	10.090000
22, 	3745.547533, 	10.090000
23, 	3.130410, 	10.910000
24, 	7.949676, 	11.360000
25, 	5250.185485, 	9.740000
26, 	17.157187, 	9.580000
27, 	19.871915, 	9.580000
28, 	20.321171, 	9.580000
29, 	19.882724, 	9.580000
30, 	19.754028, 	9.580000
31, 	20.038888, 	9.580000
32, 	20.114423, 	9.580000
33, 	19.493039, 	9.580000
34, 	19.890172, 	9.580000
35, 	19.639710, 	9.580000
36, 	20.452965, 	9.580000
37, 	20.556761, 	9.580000
38, 	19.730817, 	9.580000
39, 	18.603398, 	9.580000
40, 	19.363717, 	9.580000
41, 	20.071921, 	9.580000
42, 	18.690577, 	9.580000
43, 	19.835187, 	9.580000
44, 	19.107968, 	9.580000
45, 	18.938093, 	9.580000
46, 	19.646413, 	9.580000
47, 	60.168091, 	9.580000
48, 	19.315223, 	9.580000
49, 	20.542846, 	9.580000
50, 	20.924710, 	9.580000
