1, 	2.296813, 	10.000000
2, 	2.286459, 	10.009999
3, 	2.270419, 	16.420000
4, 	2.242568, 	27.500000
5, 	2.181309, 	28.789999
6, 	2.035742, 	30.439999
7, 	1.708209, 	55.250000
8, 	1.327110, 	62.340000
9, 	1.097779, 	62.689999
10, 	0.983374, 	63.250000
11, 	0.915858, 	66.199997
12, 	0.876433, 	67.389999
13, 	0.853979, 	67.549995
14, 	0.831368, 	68.459999
15, 	0.815393, 	69.290001
16, 	0.798995, 	70.099998
17, 	0.783093, 	71.369995
18, 	0.773597, 	71.860001
19, 	0.760261, 	72.290001
20, 	0.747362, 	72.479996
21, 	0.740246, 	72.860001
22, 	0.730649, 	73.479996
23, 	0.730347, 	73.680000
24, 	0.711316, 	73.860001
25, 	0.707897, 	74.589996
26, 	0.699804, 	74.089996
27, 	0.695768, 	74.750000
28, 	0.688977, 	75.049995
29, 	0.685839, 	74.769997
30, 	0.681520, 	75.159996
31, 	0.678501, 	75.269997
32, 	0.671323, 	75.529999
33, 	0.674876, 	75.110001
34, 	0.667937, 	75.549995
35, 	0.664789, 	75.589996
36, 	0.663585, 	75.709999
37, 	0.663544, 	75.040001
38, 	0.657036, 	75.820000
39, 	0.656915, 	76.299995
40, 	0.653425, 	75.779999
41, 	0.646863, 	76.189995
42, 	0.646712, 	76.110001
43, 	0.645282, 	76.159996
44, 	0.644200, 	76.759995
45, 	0.637984, 	76.669998
46, 	0.639033, 	76.459999
47, 	0.642439, 	76.669998
48, 	0.635317, 	76.619995
49, 	0.635473, 	76.669998
50, 	0.631380, 	77.129997
