1, 	2.249120, 	26.719999
2, 	2.138804, 	44.119999
3, 	1.879310, 	69.080002
4, 	1.294323, 	78.439995
5, 	0.776213, 	83.199997
6, 	0.575470, 	86.500000
7, 	0.472087, 	87.970001
8, 	0.418623, 	88.739998
9, 	0.382200, 	89.509995
10, 	0.354822, 	90.040001
11, 	0.335791, 	90.500000
12, 	0.316774, 	91.049995
13, 	0.298961, 	91.419998
14, 	0.288675, 	91.619995
15, 	0.277509, 	92.119995
16, 	0.266760, 	92.189995
17, 	0.259523, 	92.419998
18, 	0.251678, 	92.639999
19, 	0.243166, 	93.049995
20, 	0.231865, 	93.290001
21, 	0.227163, 	93.639999
22, 	0.220249, 	93.639999
23, 	0.213815, 	93.759995
24, 	0.208105, 	93.779999
25, 	0.200463, 	94.009995
26, 	0.195939, 	94.329994
27, 	0.189938, 	94.579994
28, 	0.187002, 	94.589996
29, 	0.181987, 	94.739998
30, 	0.182760, 	94.639999
31, 	0.174639, 	94.970001
32, 	0.170476, 	95.139999
33, 	0.167616, 	95.149994
34, 	0.162591, 	95.320000
35, 	0.161252, 	95.290001
36, 	0.154612, 	95.610001
37, 	0.151766, 	95.639999
38, 	0.147725, 	95.759995
39, 	0.141605, 	95.809998
40, 	0.138161, 	95.869995
41, 	0.137579, 	95.939995
42, 	0.134289, 	96.110001
43, 	0.132681, 	96.040001
44, 	0.131913, 	96.159996
45, 	0.128404, 	96.110001
46, 	0.125231, 	96.239998
47, 	0.122728, 	96.259995
48, 	0.119524, 	96.389999
49, 	0.118097, 	96.549995
50, 	0.118912, 	96.409996
