1, 	2.244419, 	26.269999
2, 	2.136220, 	50.610001
3, 	1.864128, 	71.220001
4, 	1.260341, 	78.189995
5, 	0.771424, 	82.769997
6, 	0.566385, 	86.129997
7, 	0.472218, 	87.549995
8, 	0.416615, 	88.669998
9, 	0.381210, 	89.430000
10, 	0.354884, 	90.000000
11, 	0.333899, 	90.579994
12, 	0.318695, 	90.839996
13, 	0.299476, 	91.379997
14, 	0.288623, 	91.739998
15, 	0.279291, 	91.979996
16, 	0.269187, 	92.229996
17, 	0.257522, 	92.599998
18, 	0.248763, 	92.829994
19, 	0.238647, 	93.089996
20, 	0.235465, 	93.079994
21, 	0.229199, 	93.369995
22, 	0.222971, 	93.559998
23, 	0.214656, 	93.909996
24, 	0.210282, 	93.799995
25, 	0.203829, 	94.059998
26, 	0.195863, 	94.269997
27, 	0.191255, 	94.509995
28, 	0.186951, 	94.519997
29, 	0.182413, 	94.689995
30, 	0.178912, 	94.769997
31, 	0.172674, 	95.029999
32, 	0.168535, 	95.229996
33, 	0.165088, 	95.269997
34, 	0.160772, 	95.430000
35, 	0.157812, 	95.449997
36, 	0.155192, 	95.489998
37, 	0.151937, 	95.489998
38, 	0.148933, 	95.729996
39, 	0.145306, 	95.759995
40, 	0.142189, 	95.739998
41, 	0.139661, 	95.899994
42, 	0.135967, 	95.970001
43, 	0.135809, 	96.000000
44, 	0.132082, 	96.149994
45, 	0.129304, 	96.070000
46, 	0.125650, 	96.259995
47, 	0.124046, 	96.239998
48, 	0.122276, 	96.349998
49, 	0.119810, 	96.299995
50, 	0.119512, 	96.360001
