1, 	2.281897, 	16.650000
2, 	2.249058, 	20.889999
3, 	2.190743, 	26.449999
4, 	2.122148, 	27.119999
5, 	2.054692, 	27.939999
6, 	2.008303, 	30.039999
7, 	1.964660, 	30.459999
8, 	1.935973, 	32.029999
9, 	1.900184, 	33.000000
10, 	1.874787, 	33.329998
11, 	1.849636, 	34.770000
12, 	1.825696, 	35.250000
13, 	1.804054, 	35.939999
14, 	1.789005, 	36.599998
15, 	1.771338, 	37.540001
16, 	1.753310, 	37.799999
17, 	1.736184, 	38.559998
18, 	1.720301, 	39.329998
19, 	1.706514, 	39.549999
20, 	1.690062, 	39.809998
21, 	1.675117, 	40.459999
22, 	1.663474, 	41.039997
23, 	1.644932, 	41.649998
24, 	1.630413, 	42.000000
25, 	1.613361, 	42.520000
26, 	1.603986, 	42.950001
27, 	1.592686, 	43.829998
28, 	1.577140, 	44.559998
29, 	1.563981, 	44.689999
30, 	1.555101, 	45.160000
31, 	1.544573, 	45.619999
32, 	1.534936, 	45.520000
33, 	1.526705, 	45.389999
34, 	1.511644, 	46.619999
35, 	1.509559, 	46.079998
36, 	1.503496, 	46.410000
37, 	1.489097, 	47.099998
38, 	1.486127, 	47.009998
39, 	1.481070, 	47.079998
40, 	1.475453, 	47.160000
41, 	1.462770, 	47.840000
42, 	1.454323, 	48.119999
43, 	1.455030, 	47.989998
44, 	1.444034, 	48.430000
45, 	1.445739, 	48.209999
46, 	1.446760, 	48.029999
47, 	1.435359, 	48.509998
48, 	1.436628, 	48.289997
49, 	1.436542, 	48.889999
50, 	1.425640, 	48.619999
