1, 	10.964069, 	10.000000
2, 	2.285336, 	14.920000
3, 	21.622350, 	9.030000
4, 	2.258949, 	21.859999
5, 	28.994839, 	14.580000
6, 	2.293835, 	13.690000
7, 	3.472836, 	25.000000
8, 	2.286099, 	18.289999
9, 	4.418175, 	23.160000
10, 	2.285594, 	16.240000
11, 	8.622428, 	9.520000
12, 	2.475812, 	12.860000
13, 	7.265841, 	9.990000
14, 	14.654884, 	8.490000
15, 	5.075736, 	10.000000
16, 	11.159868, 	10.000000
17, 	2.323278, 	10.790000
18, 	6.642072, 	10.790000
19, 	2.288478, 	16.410000
20, 	2.261411, 	17.199999
21, 	2.318626, 	10.679999
22, 	7.141860, 	10.080000
23, 	19.222526, 	9.929999
24, 	22.450733, 	8.510000
25, 	2.461236, 	11.990000
26, 	2.227412, 	18.750000
27, 	3.779853, 	12.679999
28, 	9.222070, 	11.660000
29, 	70.235130, 	9.290000
30, 	2.416190, 	13.660000
31, 	2.304028, 	13.980000
32, 	2.235393, 	14.980000
33, 	2.207538, 	18.010000
34, 	2.221038, 	17.250000
35, 	2.513984, 	16.639999
36, 	2.470021, 	17.930000
37, 	2.301707, 	14.599999
38, 	2.186311, 	18.369999
39, 	2.414663, 	14.049999
40, 	2.403479, 	11.250000
41, 	2.259974, 	19.299999
42, 	2.161062, 	20.299999
43, 	2.183718, 	21.670000
44, 	2.253514, 	17.949999
45, 	2.066388, 	23.269999
46, 	2.396070, 	13.429999
47, 	2.461730, 	15.170000
48, 	2.137720, 	20.689999
49, 	2.119960, 	20.240000
50, 	2.203944, 	18.039999
