1, 	2.282937, 	17.490000
2, 	2.242342, 	22.660000
3, 	2.185878, 	26.179998
4, 	2.115137, 	27.369999
5, 	2.044052, 	28.170000
6, 	1.999677, 	29.869999
7, 	1.952254, 	30.469999
8, 	1.920804, 	32.340000
9, 	1.889131, 	33.639999
10, 	1.859770, 	34.750000
11, 	1.837395, 	35.540001
12, 	1.809574, 	36.059998
13, 	1.783192, 	36.540001
14, 	1.763647, 	37.340000
15, 	1.750484, 	38.459999
16, 	1.725620, 	38.739998
17, 	1.703732, 	39.590000
18, 	1.689329, 	40.070000
19, 	1.675290, 	40.959999
20, 	1.650662, 	41.950001
21, 	1.636138, 	42.610001
22, 	1.620693, 	42.610001
23, 	1.604949, 	42.649998
24, 	1.582680, 	43.959999
25, 	1.568191, 	45.079998
26, 	1.552900, 	44.279999
27, 	1.537859, 	45.469997
28, 	1.526274, 	46.000000
29, 	1.514974, 	46.289997
30, 	1.508108, 	46.759998
31, 	1.501841, 	46.180000
32, 	1.494308, 	46.459999
33, 	1.483486, 	46.770000
34, 	1.474795, 	47.750000
35, 	1.460309, 	48.239998
36, 	1.455248, 	48.160000
37, 	1.445672, 	48.509998
38, 	1.442880, 	48.399998
39, 	1.427566, 	49.199997
40, 	1.418170, 	49.579998
41, 	1.414791, 	49.259998
42, 	1.404127, 	49.809998
43, 	1.401936, 	49.849998
44, 	1.397388, 	50.230000
45, 	1.392551, 	50.329998
46, 	1.382114, 	50.419998
47, 	1.379151, 	50.989998
48, 	1.369819, 	51.250000
49, 	1.367520, 	51.070000
50, 	1.365435, 	51.279999
