1, 	2.280424, 	17.180000
2, 	2.244664, 	21.980000
3, 	2.180566, 	26.400000
4, 	2.110010, 	26.939999
5, 	2.041460, 	28.199999
6, 	1.993967, 	30.170000
7, 	1.951635, 	30.379999
8, 	1.920590, 	32.500000
9, 	1.882723, 	33.329998
10, 	1.858342, 	33.790001
11, 	1.830187, 	35.290001
12, 	1.803886, 	36.329998
13, 	1.784001, 	36.730000
14, 	1.768334, 	37.059998
15, 	1.750158, 	37.849998
16, 	1.729105, 	38.000000
17, 	1.708380, 	39.200001
18, 	1.691030, 	40.129997
19, 	1.674557, 	40.469997
20, 	1.657705, 	40.809998
21, 	1.640616, 	41.500000
22, 	1.624620, 	41.950001
23, 	1.603550, 	42.980000
24, 	1.585466, 	43.579998
25, 	1.570216, 	44.219997
26, 	1.559419, 	44.489998
27, 	1.552158, 	44.869999
28, 	1.535096, 	45.590000
29, 	1.525522, 	45.709999
30, 	1.514376, 	46.489998
31, 	1.504755, 	46.669998
32, 	1.491964, 	46.889999
33, 	1.488506, 	47.110001
34, 	1.471520, 	47.789997
35, 	1.466123, 	47.480000
36, 	1.461834, 	48.049999
37, 	1.445790, 	48.289997
38, 	1.447810, 	48.619999
39, 	1.436614, 	49.169998
40, 	1.430461, 	48.759998
41, 	1.418956, 	49.360001
42, 	1.409163, 	49.750000
43, 	1.411817, 	49.480000
44, 	1.393174, 	50.239998
45, 	1.401214, 	49.750000
46, 	1.394491, 	50.119999
47, 	1.392231, 	50.160000
48, 	1.389499, 	50.449997
49, 	1.385224, 	50.509998
50, 	1.373347, 	50.939999
