1, 	2.249018, 	22.350000
2, 	2.150969, 	53.430000
3, 	1.907458, 	67.919998
4, 	1.352108, 	77.519997
5, 	0.815348, 	82.889999
6, 	0.590957, 	86.189995
7, 	0.484149, 	87.699997
8, 	0.423711, 	88.909996
9, 	0.389887, 	89.239998
10, 	0.362573, 	89.659996
11, 	0.339748, 	90.199997
12, 	0.322101, 	90.930000
13, 	0.310722, 	91.000000
14, 	0.296955, 	91.639999
15, 	0.288119, 	91.820000
16, 	0.278547, 	92.019997
17, 	0.267419, 	92.320000
18, 	0.261319, 	92.619995
19, 	0.254707, 	92.729996
20, 	0.242450, 	93.110001
21, 	0.233948, 	93.379997
22, 	0.230814, 	93.559998
23, 	0.223746, 	93.509995
24, 	0.218858, 	93.799995
25, 	0.217266, 	93.769997
26, 	0.205791, 	94.049995
27, 	0.202863, 	94.239998
28, 	0.198852, 	94.279999
29, 	0.195264, 	94.379997
30, 	0.192176, 	94.479996
31, 	0.186824, 	94.559998
32, 	0.180659, 	94.689995
33, 	0.177384, 	94.779999
34, 	0.174948, 	94.849998
35, 	0.173894, 	94.959999
36, 	0.168275, 	95.139999
37, 	0.163463, 	95.259995
38, 	0.159011, 	95.309998
39, 	0.157164, 	95.309998
40, 	0.156484, 	95.269997
41, 	0.152832, 	95.449997
42, 	0.149576, 	95.449997
43, 	0.148441, 	95.540001
44, 	0.144170, 	95.680000
45, 	0.141931, 	95.820000
46, 	0.144571, 	95.759995
47, 	0.139842, 	95.729996
48, 	0.139136, 	95.769997
49, 	0.137162, 	95.860001
50, 	0.134386, 	95.889999
