1, 	2.296566, 	10.000000
2, 	2.285596, 	10.000000
3, 	2.268685, 	12.570000
4, 	2.236617, 	25.480000
5, 	2.166336, 	32.459999
6, 	1.999232, 	31.090000
7, 	1.642198, 	58.519997
8, 	1.276306, 	60.759998
9, 	1.066202, 	63.250000
10, 	0.965412, 	63.539997
11, 	0.904838, 	65.970001
12, 	0.872806, 	66.790001
13, 	0.847583, 	69.080002
14, 	0.824784, 	69.119995
15, 	0.809528, 	69.779999
16, 	0.790446, 	70.989998
17, 	0.778228, 	71.089996
18, 	0.764767, 	72.290001
19, 	0.754530, 	71.959999
20, 	0.741864, 	73.419998
21, 	0.734068, 	73.339996
22, 	0.724037, 	73.479996
23, 	0.712994, 	74.070000
24, 	0.705533, 	74.589996
25, 	0.700067, 	74.680000
26, 	0.705194, 	74.269997
27, 	0.688990, 	75.290001
28, 	0.684744, 	75.239998
29, 	0.680397, 	75.309998
30, 	0.675511, 	75.479996
31, 	0.671506, 	75.720001
32, 	0.672473, 	74.860001
33, 	0.664078, 	75.489998
34, 	0.665711, 	75.889999
35, 	0.657979, 	76.180000
36, 	0.657042, 	75.639999
37, 	0.651365, 	76.269997
38, 	0.650379, 	75.879997
39, 	0.651143, 	76.070000
40, 	0.642726, 	76.540001
41, 	0.640197, 	76.839996
42, 	0.638650, 	76.799995
43, 	0.637747, 	76.900002
44, 	0.635301, 	76.869995
45, 	0.633068, 	76.629997
46, 	0.630238, 	77.099998
47, 	0.630395, 	77.159996
48, 	0.627977, 	76.739998
49, 	0.622101, 	77.279999
50, 	0.620204, 	77.500000
