1, 	3.282868, 	10.090000
2, 	2.279054, 	9.580000
3, 	6.374084, 	10.090000
4, 	2.242704, 	19.969999
5, 	11.527241, 	9.800000
6, 	2.115584, 	45.340000
7, 	2.039073, 	49.160000
8, 	1.773999, 	73.320000
9, 	3.695612, 	27.840000
10, 	1.734183, 	75.309998
11, 	3.517820, 	0.420000
12, 	2.423070, 	12.120000
13, 	3.572739, 	3.400000
14, 	3.957250, 	9.800000
15, 	3.189744, 	10.090000
16, 	4.088200, 	0.980000
17, 	2.339414, 	8.920000
18, 	3.170383, 	9.230000
19, 	2.359835, 	9.240000
20, 	2.069607, 	17.010000
21, 	2.451646, 	10.530000
22, 	3.316548, 	13.830000
23, 	5.042214, 	0.760000
24, 	3.132657, 	8.370000
25, 	1.710353, 	45.709999
26, 	1.884797, 	38.020000
27, 	2.453060, 	23.570000
28, 	2.756878, 	19.639999
29, 	12.026513, 	2.520000
30, 	1.629085, 	41.469997
31, 	1.527683, 	50.489998
32, 	1.284127, 	54.859997
33, 	0.833354, 	72.479996
34, 	1.782622, 	51.820000
35, 	1.135607, 	61.250000
36, 	1.817526, 	53.230000
37, 	1.105113, 	61.439999
38, 	1.021257, 	69.019997
39, 	1.496549, 	46.639999
40, 	2.423557, 	34.169998
41, 	0.909781, 	68.099998
42, 	0.494967, 	83.820000
43, 	0.920716, 	71.919998
44, 	0.532330, 	82.739998
45, 	0.628971, 	77.930000
46, 	1.233551, 	57.099998
47, 	0.787658, 	73.979996
48, 	0.533007, 	83.049995
49, 	0.617207, 	80.279999
50, 	0.714622, 	78.320000
