1, 	2.280013, 	19.969999
2, 	2.243095, 	25.039999
3, 	2.174510, 	25.000000
4, 	2.099981, 	27.400000
5, 	2.037266, 	28.230000
6, 	1.989561, 	29.889999
7, 	1.949028, 	30.990000
8, 	1.915648, 	32.419998
9, 	1.883017, 	33.540001
10, 	1.853853, 	34.529999
11, 	1.830845, 	35.219997
12, 	1.804701, 	36.450001
13, 	1.786445, 	36.660000
14, 	1.762375, 	37.790001
15, 	1.740163, 	38.180000
16, 	1.724644, 	38.610001
17, 	1.705388, 	39.430000
18, 	1.683579, 	40.200001
19, 	1.668866, 	40.500000
20, 	1.653205, 	41.259998
21, 	1.635481, 	42.289997
22, 	1.616187, 	42.709999
23, 	1.596074, 	43.349998
24, 	1.582421, 	43.950001
25, 	1.563680, 	44.459999
26, 	1.549417, 	45.230000
27, 	1.538956, 	45.579998
28, 	1.525004, 	45.689999
29, 	1.514621, 	46.279999
30, 	1.505234, 	46.340000
31, 	1.494787, 	46.939999
32, 	1.486833, 	47.199997
33, 	1.472436, 	47.689999
34, 	1.469649, 	47.689999
35, 	1.465281, 	47.649998
36, 	1.455503, 	47.969997
37, 	1.452016, 	48.119999
38, 	1.442620, 	48.750000
39, 	1.428567, 	48.949997
40, 	1.423714, 	48.919998
41, 	1.416149, 	49.149998
42, 	1.412836, 	49.430000
43, 	1.406480, 	49.410000
44, 	1.404848, 	49.469997
45, 	1.397388, 	50.090000
46, 	1.386914, 	50.699997
47, 	1.379946, 	50.719997
48, 	1.373850, 	50.770000
49, 	1.380695, 	50.099998
50, 	1.375135, 	50.449997
