1, 	2.247179, 	23.010000
2, 	2.143987, 	54.180000
3, 	1.884943, 	69.099998
4, 	1.305701, 	77.989998
5, 	0.784235, 	83.439995
6, 	0.571050, 	86.449997
7, 	0.469402, 	88.019997
8, 	0.412662, 	89.000000
9, 	0.384311, 	89.089996
10, 	0.359874, 	89.549995
11, 	0.333251, 	90.279999
12, 	0.316090, 	91.119995
13, 	0.308387, 	91.089996
14, 	0.293077, 	91.449997
15, 	0.283041, 	91.849998
16, 	0.274193, 	92.029999
17, 	0.262348, 	92.329994
18, 	0.254503, 	92.689995
19, 	0.249233, 	92.799995
20, 	0.236710, 	93.139999
21, 	0.229257, 	93.209999
22, 	0.228261, 	93.579994
23, 	0.220419, 	93.509995
24, 	0.214998, 	93.720001
25, 	0.211906, 	93.979996
26, 	0.198649, 	94.229996
27, 	0.199140, 	94.320000
28, 	0.192978, 	94.430000
29, 	0.190698, 	94.449997
30, 	0.186626, 	94.559998
31, 	0.178531, 	94.809998
32, 	0.173372, 	94.860001
33, 	0.168438, 	94.849998
34, 	0.164029, 	95.169998
35, 	0.164407, 	95.149994
36, 	0.159509, 	95.259995
37, 	0.154438, 	95.470001
38, 	0.149270, 	95.649994
39, 	0.146779, 	95.549995
40, 	0.145870, 	95.669998
41, 	0.143301, 	95.689995
42, 	0.139768, 	95.820000
43, 	0.139620, 	95.799995
44, 	0.135120, 	95.959999
45, 	0.133554, 	96.009995
46, 	0.133082, 	96.019997
47, 	0.130411, 	96.049995
48, 	0.130663, 	96.070000
49, 	0.127366, 	96.259995
50, 	0.124319, 	96.119995
