1, 	2.245568, 	20.330000
2, 	2.139320, 	54.599998
3, 	1.866015, 	65.470001
4, 	1.269280, 	78.939995
5, 	0.767846, 	83.089996
6, 	0.570755, 	86.529999
7, 	0.477162, 	87.839996
8, 	0.418613, 	88.779999
9, 	0.381578, 	89.470001
10, 	0.358046, 	89.979996
11, 	0.344112, 	90.150002
12, 	0.317414, 	90.759995
13, 	0.306840, 	91.339996
14, 	0.289657, 	91.720001
15, 	0.278008, 	91.909996
16, 	0.267475, 	92.250000
17, 	0.258978, 	92.629997
18, 	0.256176, 	92.820000
19, 	0.244381, 	93.029999
20, 	0.234911, 	93.129997
21, 	0.228295, 	93.589996
22, 	0.220059, 	93.389999
23, 	0.218251, 	93.589996
24, 	0.210190, 	93.930000
25, 	0.206486, 	93.949997
26, 	0.200659, 	93.970001
27, 	0.195234, 	94.309998
28, 	0.191361, 	94.470001
29, 	0.182010, 	94.610001
30, 	0.180230, 	94.860001
31, 	0.174446, 	94.779999
32, 	0.168294, 	95.099998
33, 	0.171456, 	95.099998
34, 	0.162675, 	95.369995
35, 	0.160976, 	95.309998
36, 	0.155912, 	95.399994
37, 	0.149409, 	95.680000
38, 	0.143289, 	95.849998
39, 	0.139467, 	95.889999
40, 	0.137006, 	96.040001
41, 	0.135184, 	95.989998
42, 	0.137305, 	95.909996
43, 	0.131092, 	96.079994
44, 	0.130918, 	96.059998
45, 	0.128593, 	96.099998
46, 	0.128510, 	96.259995
47, 	0.128724, 	96.139999
48, 	0.123936, 	96.099998
49, 	0.117577, 	96.500000
50, 	0.120277, 	96.349998
