1, 	2.279898, 	19.949999
2, 	2.242431, 	25.109999
3, 	2.172954, 	25.049999
4, 	2.098972, 	27.359999
5, 	2.036689, 	28.219999
6, 	1.988895, 	29.939999
7, 	1.948280, 	31.059999
8, 	1.915090, 	32.570000
9, 	1.882500, 	33.579998
10, 	1.853234, 	34.599998
11, 	1.830103, 	35.379997
12, 	1.803860, 	36.549999
13, 	1.785212, 	36.790001
14, 	1.760945, 	37.779999
15, 	1.739221, 	38.279999
16, 	1.723418, 	38.820000
17, 	1.703513, 	39.439999
18, 	1.682282, 	40.279999
19, 	1.666927, 	40.689999
20, 	1.652391, 	41.309998
21, 	1.634667, 	42.289997
22, 	1.615681, 	42.649998
23, 	1.595088, 	43.469997
24, 	1.581111, 	44.049999
25, 	1.562721, 	44.680000
26, 	1.548895, 	45.139999
27, 	1.538331, 	45.599998
28, 	1.523922, 	45.489998
29, 	1.514796, 	46.430000
30, 	1.504682, 	46.309998
31, 	1.495052, 	47.070000
32, 	1.486267, 	47.049999
33, 	1.472327, 	47.840000
34, 	1.470520, 	47.629997
35, 	1.467204, 	47.469997
36, 	1.458581, 	48.079998
37, 	1.453942, 	48.049999
38, 	1.444538, 	48.539997
39, 	1.429926, 	49.020000
40, 	1.424386, 	48.849998
41, 	1.417304, 	49.259998
42, 	1.413867, 	49.459999
43, 	1.408983, 	49.169998
44, 	1.407467, 	49.430000
45, 	1.398698, 	49.739998
46, 	1.388471, 	50.610001
47, 	1.383056, 	50.599998
48, 	1.377248, 	50.709999
49, 	1.383403, 	50.270000
50, 	1.379777, 	50.459999
