1, 	2.284704, 	16.900000
2, 	2.250980, 	20.809999
3, 	2.191232, 	25.760000
4, 	2.118711, 	27.369999
5, 	2.051241, 	28.049999
6, 	2.001470, 	29.389999
7, 	1.958653, 	30.889999
8, 	1.923870, 	31.910000
9, 	1.892404, 	33.340000
10, 	1.864829, 	34.360001
11, 	1.840838, 	35.250000
12, 	1.814587, 	35.869999
13, 	1.794852, 	36.719997
14, 	1.772172, 	37.619999
15, 	1.753161, 	38.110001
16, 	1.733463, 	38.889999
17, 	1.714613, 	38.989998
18, 	1.697067, 	40.009998
19, 	1.680555, 	40.700001
20, 	1.662060, 	41.680000
21, 	1.644558, 	42.160000
22, 	1.626685, 	42.410000
23, 	1.609056, 	42.980000
24, 	1.592030, 	43.439999
25, 	1.580899, 	44.000000
26, 	1.563744, 	44.669998
27, 	1.549962, 	45.259998
28, 	1.539380, 	45.489998
29, 	1.523943, 	46.079998
30, 	1.520211, 	45.639999
31, 	1.502237, 	46.340000
32, 	1.493009, 	46.949997
33, 	1.487496, 	46.910000
34, 	1.479577, 	47.160000
35, 	1.470975, 	47.649998
36, 	1.461570, 	48.110001
37, 	1.452702, 	48.219997
38, 	1.454393, 	48.160000
39, 	1.442094, 	48.619999
40, 	1.430479, 	49.320000
41, 	1.428403, 	48.879997
42, 	1.422980, 	49.309998
43, 	1.417951, 	49.709999
44, 	1.407759, 	50.029999
45, 	1.402540, 	50.009998
46, 	1.395970, 	50.389999
47, 	1.390902, 	50.599998
48, 	1.389389, 	50.399998
49, 	1.381486, 	50.969997
50, 	1.375964, 	50.779999
