1, 	2.279869, 	13.670000
2, 	2.243207, 	22.760000
3, 	2.180861, 	25.250000
4, 	2.112440, 	26.840000
5, 	2.044417, 	28.719999
6, 	1.993133, 	29.349998
7, 	1.958750, 	30.809999
8, 	1.921594, 	31.629999
9, 	1.885446, 	33.279999
10, 	1.858051, 	33.939999
11, 	1.831266, 	34.820000
12, 	1.809212, 	35.820000
13, 	1.781826, 	36.529999
14, 	1.763286, 	37.520000
15, 	1.749945, 	38.020000
16, 	1.728092, 	38.639999
17, 	1.709161, 	39.329998
18, 	1.691373, 	39.809998
19, 	1.685264, 	40.209999
20, 	1.654863, 	41.219997
21, 	1.641505, 	41.680000
22, 	1.634236, 	41.329998
23, 	1.613242, 	42.649998
24, 	1.594292, 	42.959999
25, 	1.580721, 	43.709999
26, 	1.572692, 	43.629997
27, 	1.547413, 	44.599998
28, 	1.532219, 	45.680000
29, 	1.524746, 	45.459999
30, 	1.520464, 	45.820000
31, 	1.507391, 	45.879997
32, 	1.506300, 	46.070000
33, 	1.499973, 	46.049999
34, 	1.478512, 	47.039997
35, 	1.476079, 	47.410000
36, 	1.468977, 	47.119999
37, 	1.459409, 	47.419998
38, 	1.444635, 	48.329998
39, 	1.448886, 	47.789997
40, 	1.434881, 	49.000000
41, 	1.431055, 	48.570000
42, 	1.425464, 	48.869999
43, 	1.412946, 	49.469997
44, 	1.398646, 	50.239998
45, 	1.402827, 	49.750000
46, 	1.408160, 	49.399998
47, 	1.390364, 	50.389999
48, 	1.391626, 	49.689999
49, 	1.387543, 	49.579998
50, 	1.378388, 	50.789997
