1, 	2.250507, 	22.039999
2, 	2.152064, 	45.129997
3, 	1.913235, 	68.470001
4, 	1.349361, 	75.989998
5, 	0.823238, 	82.079994
6, 	0.592178, 	85.559998
7, 	0.487003, 	87.900002
8, 	0.428566, 	88.669998
9, 	0.390569, 	89.449997
10, 	0.359847, 	89.869995
11, 	0.339860, 	90.479996
12, 	0.324573, 	90.699997
13, 	0.306747, 	91.149994
14, 	0.291595, 	91.720001
15, 	0.283169, 	91.979996
16, 	0.274578, 	92.290001
17, 	0.262903, 	92.419998
18, 	0.254939, 	92.549995
19, 	0.244258, 	93.079994
20, 	0.236088, 	93.269997
21, 	0.231364, 	93.320000
22, 	0.224959, 	93.559998
23, 	0.219328, 	93.629997
24, 	0.211387, 	93.899994
25, 	0.207178, 	94.070000
26, 	0.198824, 	94.159996
27, 	0.195022, 	94.209999
28, 	0.191527, 	94.320000
29, 	0.182545, 	94.619995
30, 	0.182120, 	94.589996
31, 	0.181195, 	94.829994
32, 	0.173804, 	94.979996
33, 	0.167991, 	94.970001
34, 	0.163488, 	95.229996
35, 	0.162047, 	95.279999
36, 	0.158851, 	95.309998
37, 	0.152796, 	95.570000
38, 	0.149565, 	95.579994
39, 	0.146720, 	95.739998
40, 	0.142491, 	95.849998
41, 	0.141703, 	95.629997
42, 	0.138433, 	95.879997
43, 	0.135080, 	95.930000
44, 	0.133280, 	95.930000
45, 	0.131169, 	96.040001
46, 	0.128939, 	96.149994
47, 	0.128549, 	96.149994
48, 	0.125170, 	96.189995
49, 	0.123413, 	96.299995
50, 	0.119847, 	96.369995
