1, 	2.244269, 	26.330000
2, 	2.135673, 	49.520000
3, 	1.862422, 	70.820000
4, 	1.255985, 	78.299995
5, 	0.768199, 	82.849998
6, 	0.565330, 	86.059998
7, 	0.471516, 	87.599998
8, 	0.416003, 	88.680000
9, 	0.380417, 	89.459999
10, 	0.354826, 	90.009995
11, 	0.333452, 	90.549995
12, 	0.317930, 	90.889999
13, 	0.298966, 	91.389999
14, 	0.287945, 	91.729996
15, 	0.278253, 	92.019997
16, 	0.268285, 	92.369995
17, 	0.256428, 	92.659996
18, 	0.247972, 	92.820000
19, 	0.237560, 	93.209999
20, 	0.234619, 	93.089996
21, 	0.228036, 	93.399994
22, 	0.222088, 	93.570000
23, 	0.213635, 	93.930000
24, 	0.209173, 	93.820000
25, 	0.202413, 	94.169998
26, 	0.194927, 	94.320000
27, 	0.190089, 	94.509995
28, 	0.185538, 	94.570000
29, 	0.181259, 	94.729996
30, 	0.177751, 	94.820000
31, 	0.171662, 	95.079994
32, 	0.167268, 	95.259995
33, 	0.163668, 	95.320000
34, 	0.159835, 	95.419998
35, 	0.157795, 	95.489998
36, 	0.155332, 	95.489998
37, 	0.151617, 	95.500000
38, 	0.149317, 	95.689995
39, 	0.144839, 	95.720001
40, 	0.141897, 	95.829994
41, 	0.139136, 	95.959999
42, 	0.135340, 	95.970001
43, 	0.135268, 	96.029999
44, 	0.131971, 	96.079994
45, 	0.129412, 	96.089996
46, 	0.125482, 	96.209999
47, 	0.124194, 	96.220001
48, 	0.122418, 	96.320000
49, 	0.120304, 	96.279999
50, 	0.119936, 	96.379997
