1, 	2.296499, 	10.000000
2, 	2.286362, 	10.000000
3, 	2.270199, 	10.000000
4, 	2.238870, 	22.209999
5, 	2.174448, 	29.090000
6, 	2.009531, 	29.230000
7, 	1.677547, 	45.969997
8, 	1.299125, 	58.399998
9, 	1.299126, 	58.399998
10, 	1.091534, 	60.759998
11, 	1.091534, 	60.759998
12, 	1.091535, 	60.759998
13, 	1.002066, 	62.419998
14, 	0.931006, 	65.389999
15, 	0.897938, 	64.939995
16, 	0.854501, 	69.180000
17, 	0.852090, 	68.459999
18, 	0.873549, 	66.869995
19, 	0.808121, 	70.849998
20, 	0.805461, 	68.900002
21, 	0.828399, 	68.860001
22, 	0.828399, 	68.860001
23, 	0.786145, 	69.750000
24, 	0.760920, 	72.290001
25, 	0.782764, 	71.589996
26, 	0.760391, 	71.339996
27, 	0.733358, 	72.610001
28, 	0.734807, 	74.369995
29, 	0.730242, 	73.879997
30, 	0.758859, 	68.799995
31, 	0.756467, 	71.759995
32, 	0.768555, 	70.509995
33, 	0.716856, 	72.110001
34, 	0.688300, 	74.919998
35, 	0.698442, 	74.360001
36, 	0.691437, 	73.739998
37, 	0.674928, 	74.750000
38, 	0.681415, 	75.360001
39, 	0.706252, 	73.059998
40, 	0.672816, 	75.369995
41, 	0.695091, 	75.519997
42, 	0.678944, 	75.459999
43, 	0.679252, 	75.680000
44, 	0.676554, 	75.269997
45, 	0.750593, 	69.949997
46, 	0.657578, 	75.769997
47, 	0.669252, 	75.869995
48, 	0.669252, 	75.869995
49, 	0.662049, 	74.779999
50, 	0.667982, 	75.220001
